1 959 312 982 356 0
1 224 468 254 523 0
2 1 336 13 373 0
2 969 315 989 361 0
2 348 379 365 425 0
2 231 466 259 532 0
3 1 336 13 373 0
3 966 316 987 361 0
3 347 377 365 425 0
3 232 466 260 533 0
4 1 336 13 373 0
4 963 317 984 361 0
4 347 374 364 424 0
4 234 466 261 535 0
5 1 336 13 373 0
5 961 318 980 362 0
5 346 373 363 423 0
5 235 468 262 535 0
6 1 336 13 373 0
6 960 318 976 363 0
6 346 372 363 421 0
6 236 469 263 535 0
7 1 337 13 373 0
7 958 317 972 363 0
7 345 372 362 421 0
7 236 469 263 535 0
8 1 336 13 372 0
8 955 317 971 363 0
8 344 372 362 420 0
8 238 469 263 535 0
9 1 336 13 372 0
9 951 318 970 364 0
9 344 371 361 420 0
9 238 469 264 535 0
10 1 336 13 372 0
10 948 319 968 364 0
10 343 371 361 419 0
10 239 469 264 535 0
11 0 336 13 371 0
11 945 319 966 365 0
11 342 371 360 419 0
11 240 470 266 536 0
12 0 336 13 371 0
12 943 319 964 365 0
12 342 371 359 419 0
12 241 469 268 538 0
13 0 335 13 371 0
13 939 322 958 368 0
13 341 371 359 420 0
13 241 470 270 540 0
14 0 335 13 370 0
14 938 322 954 369 0
14 947 320 964 365 0
14 341 371 358 419 0
14 242 471 271 540 0
15 0 335 13 370 0
15 935 322 951 369 0
15 340 372 358 419 0
15 244 472 270 539 0
16 0 334 13 369 0
16 932 322 949 369 0
16 339 371 357 418 0
16 245 473 270 538 0
17 0 334 12 369 0
17 929 323 947 369 0
17 339 371 356 418 0
17 245 474 271 538 0
18 0 334 12 369 0
18 927 323 946 370 0
18 338 370 355 417 0
18 246 474 273 541 0
19 0 334 13 369 0
19 924 324 943 370 0
19 336 366 353 416 0
19 246 474 274 543 0
20 0 335 13 369 0
20 922 325 940 369 0
20 336 366 353 416 0
20 250 473 280 543 0
21 0 335 13 370 0
21 919 325 935 369 0
21 336 366 352 416 0
21 251 474 281 545 0
22 0 335 14 370 0
22 917 325 933 369 0
22 335 367 351 416 0
22 252 475 282 547 0
23 973 290 991 331 0
23 1 335 14 370 0
23 915 325 931 370 0
23 335 367 351 416 0
23 253 475 282 549 0
24 974 290 991 330 0
24 1 335 14 371 0
24 913 326 931 370 0
24 334 366 350 415 0
24 253 474 282 550 0
25 974 290 989 329 0
25 1 336 14 371 0
25 911 326 930 371 0
25 333 365 350 415 0
25 254 475 282 550 0
26 974 290 986 329 0
26 1 336 14 372 0
26 905 327 926 371 0
26 332 365 349 415 0
26 256 476 284 550 0
27 971 290 984 329 0
27 1 337 14 372 0
27 903 328 923 371 0
27 331 365 349 415 0
27 257 477 286 551 0
28 968 290 982 329 0
28 1 337 14 372 0
28 900 328 918 371 0
28 331 365 349 415 0
28 258 478 288 553 0
29 965 291 981 328 0
29 1 337 14 372 0
29 898 328 914 370 0
29 331 366 349 414 0
29 259 479 290 554 0
30 963 292 980 328 0
30 1 337 14 373 0
30 895 330 912 371 0
30 330 366 349 414 0
30 260 480 292 555 0
31 961 292 979 327 0
31 1 337 14 373 0
31 893 332 910 371 0
31 330 365 348 414 0
31 262 481 293 554 0
32 960 292 977 328 0
32 1 338 14 373 0
32 891 332 909 372 0
32 329 365 347 413 0
32 263 480 294 554 0
33 959 291 975 328 0
33 1 338 13 373 0
33 890 331 908 371 0
33 329 364 346 413 0
33 264 481 295 554 0
34 958 290 972 328 0
34 1 338 13 373 0
34 887 330 904 370 0
34 329 364 345 413 0
34 265 481 296 555 0
35 956 290 970 328 0
35 1 338 13 373 0
35 884 329 900 370 0
35 329 364 345 413 0
35 267 482 297 555 0
36 954 289 968 328 0
36 1 337 13 373 0
36 881 329 897 372 0
36 328 364 345 413 0
36 269 482 299 557 0
37 952 290 968 328 0
37 1 338 13 373 0
37 880 329 896 373 0
37 328 363 345 413 0
37 271 482 302 557 0
38 950 290 967 328 0
38 1 338 13 373 0
38 875 327 891 373 0
38 328 363 344 412 0
38 272 482 303 557 0
39 948 292 965 328 0
39 1 337 13 373 0
39 872 325 889 371 0
39 328 363 344 412 0
39 273 484 304 557 0
40 947 292 964 328 0
40 1 337 12 373 0
40 870 325 887 371 0
40 327 362 345 411 0
40 274 485 304 556 0
41 946 292 962 328 0
41 1 337 12 372 0
41 869 326 882 370 0
41 327 362 345 410 0
41 275 485 305 556 0
42 948 292 963 329 0
42 1 337 12 372 0
42 326 361 345 409 0
42 275 485 304 556 0
43 1 338 13 372 0
43 326 361 345 409 0
43 276 485 305 556 0
44 1 338 13 372 0
44 326 361 345 409 0
44 276 485 305 556 0
45 1 337 13 372 0
45 326 361 346 409 0
45 276 485 306 555 0
46 1 337 13 372 0
46 327 361 346 408 0
46 280 492 315 564 0
47 1 337 13 372 0
47 328 360 347 408 0
47 282 491 316 565 0
48 0 337 13 372 0
48 330 359 348 407 0
48 286 491 317 564 0
49 0 337 13 372 0
49 840 329 854 369 0
49 331 359 348 406 0
49 288 492 319 565 0
50 0 337 13 373 0
50 843 331 857 375 0
50 331 359 349 406 0
50 290 492 321 565 0
51 0 337 13 373 0
51 842 332 857 378 0
51 332 359 350 406 0
51 290 491 322 566 0
52 1 337 13 372 0
52 839 332 856 380 0
52 333 359 351 405 0
52 291 491 323 567 0
53 1 336 13 372 0
53 837 332 854 380 0
53 333 359 352 405 0
53 293 492 325 568 0
54 1 336 13 372 0
54 834 332 854 381 0
54 334 358 353 404 0
54 295 493 327 571 0
55 1 336 13 372 0
55 832 333 851 380 0
55 335 358 354 404 0
55 297 494 328 571 0
56 1 336 13 372 0
56 830 333 848 381 0
56 336 358 355 403 0
56 298 495 329 572 0
57 1 336 13 372 0
57 828 333 844 381 0
57 338 358 356 403 0
57 300 495 330 571 0
58 1 336 13 372 0
58 826 333 841 381 0
58 339 359 358 403 0
58 301 494 330 570 0
59 1 336 12 372 0
59 824 332 839 381 0
59 341 358 359 402 0
59 302 493 331 570 0
60 1 336 12 372 0
60 822 332 838 381 0
60 343 358 361 402 0
60 302 493 333 570 0
61 1 336 12 372 0
61 820 333 837 381 0
61 346 356 362 402 0
61 303 493 336 573 0
62 904 286 921 328 0
62 1 335 13 372 0
62 818 337 836 385 0
62 304 494 339 575 0
63 902 288 920 328 0
63 1 335 13 372 0
63 815 338 834 385 0
63 306 494 340 576 0
64 900 290 917 329 0
64 1 335 13 372 0
64 809 332 825 379 0
64 815 339 832 385 0
64 308 495 340 575 0
65 1 335 13 372 0
65 809 332 824 382 0
65 817 341 833 386 0
65 310 496 341 574 0
66 1 335 13 372 0
66 806 332 821 383 0
66 310 496 341 574 0
67 1 335 13 373 0
67 804 336 821 386 0
67 315 496 346 578 0
68 1 336 13 373 0
68 802 337 820 386 0
68 316 495 346 576 0
69 1 336 13 373 0
69 799 338 819 386 0
69 317 496 347 576 0
70 1 336 13 373 0
70 797 339 817 385 0
70 318 498 349 577 0
71 1 336 13 373 0
71 795 339 814 385 0
71 319 500 351 580 0
72 1 336 13 373 0
72 793 339 810 386 0
72 321 501 354 582 0
73 1 337 13 373 0
73 790 339 807 388 0
73 323 501 355 582 0
74 1 337 13 374 0
74 788 340 805 389 0
74 324 500 356 582 0
75 1 337 13 374 0
75 787 340 805 390 0
75 326 499 356 583 0
76 1 337 13 374 0
76 785 341 804 391 0
76 327 500 357 584 0
77 1 337 13 374 0
77 783 342 803 391 0
77 328 502 360 587 0
78 1 337 13 374 0
78 780 343 802 392 0
78 330 506 364 590 0
79 0 337 13 374 0
79 775 342 796 391 0
79 331 509 367 593 0
80 1 337 13 374 0
80 774 343 793 392 0
80 333 509 368 593 0
81 1 337 13 374 0
81 772 343 790 394 0
81 335 507 368 592 0
82 1 337 13 374 0
82 771 344 789 395 0
82 337 507 369 591 0
83 1 337 13 374 0
83 768 345 788 394 0
83 340 508 370 593 0
84 1 337 13 374 0
84 766 346 787 395 0
84 342 509 372 594 0
85 1 337 13 374 0
85 763 347 784 395 0
85 343 510 373 595 0
86 1 337 13 374 0
86 760 347 781 396 0
86 344 510 374 595 0
87 1 337 13 374 0
87 757 347 777 397 0
87 347 511 378 595 0
88 1 337 13 374 0
88 754 347 774 398 0
88 348 515 378 602 0
89 1 336 13 374 0
89 752 347 772 399 0
89 350 515 379 601 0
90 1 336 13 373 0
90 750 348 770 400 0
90 351 515 380 601 0
91 0 336 13 373 0
91 747 349 770 401 0
91 352 515 382 602 0
92 0 336 13 373 0
92 745 350 770 401 0
92 355 515 385 602 0
93 0 336 13 373 0
93 741 350 766 400 0
93 357 515 388 603 0
94 0 336 13 374 0
94 415 343 431 387 0
94 740 351 763 399 0
94 358 517 391 604 0
95 0 336 13 374 0
95 415 337 430 377 0
95 420 342 436 385 0
95 738 351 760 401 0
95 359 519 394 607 0
96 0 336 13 374 0
96 420 340 437 382 0
96 736 351 757 402 0
96 361 522 397 609 0
97 1 336 13 374 0
97 422 340 439 381 0
97 734 351 755 403 0
97 363 523 398 610 0
98 1 336 13 374 0
98 424 339 441 381 0
98 732 352 754 403 0
98 366 523 399 610 0
99 1 336 13 373 0
99 426 339 443 381 0
99 730 352 753 403 0
99 368 523 401 610 0
100 1 336 13 374 0
100 429 336 445 379 0
100 727 352 751 404 0
100 370 523 402 611 0
101 1 336 13 374 0
101 431 335 446 378 0
101 724 352 748 405 0
101 372 522 402 612 0
102 1 336 13 374 0
102 433 333 448 378 0
102 722 352 743 406 0
102 374 521 404 613 0
103 1 336 13 373 0
103 434 332 450 377 0
103 720 352 739 408 0
103 375 521 406 615 0
104 1 336 13 373 0
104 436 332 452 378 0
104 718 354 737 410 0
104 376 523 408 617 0
105 1 335 13 373 0
105 437 333 453 378 0
105 715 355 735 410 0
105 380 524 413 616 0
106 1 336 13 373 0
106 438 333 455 378 0
106 713 357 735 410 0
106 382 526 414 618 0
107 1 336 14 373 0
107 440 332 456 377 0
107 709 357 731 408 0
107 384 527 415 618 0
108 1 337 14 373 0
108 443 330 458 375 0
108 706 357 729 410 0
108 385 527 416 617 0
109 2 337 15 374 0
109 445 330 461 375 0
109 703 357 725 411 0
109 386 527 420 618 0
110 2 337 15 374 0
110 447 331 464 375 0
110 454 329 470 372 0
110 699 357 721 412 0
110 388 528 424 619 0
111 2 337 15 374 0
111 447 332 466 376 0
111 696 357 718 413 0
111 389 531 428 621 0
112 2 338 16 374 0
112 452 329 470 372 0
112 693 357 716 414 0
112 391 533 430 624 0
113 3 338 16 374 0
113 453 328 471 372 0
113 691 359 714 414 0
113 393 534 432 625 0
114 3 338 17 374 0
114 455 327 471 373 0
114 689 359 712 414 0
114 395 533 432 624 0
115 3 338 17 374 0
115 458 326 472 373 0
115 687 360 710 415 0
115 397 533 434 622 0
116 3 338 18 374 0
116 461 326 474 373 0
116 684 360 708 416 0
116 399 534 435 623 0
117 3 338 18 374 0
117 463 327 477 372 0
117 682 360 704 416 0
117 400 535 437 624 0
118 3 338 17 374 0
118 465 327 480 371 0
118 681 360 701 415 0
118 401 534 439 625 0
119 3 338 17 374 0
119 466 328 482 371 0
119 677 360 696 417 0
119 401 534 441 628 0
120 3 338 18 374 0
120 468 327 484 371 0
120 675 360 696 418 0
121 3 338 18 374 0
121 470 325 485 371 0
121 672 361 694 418 0
121 410 543 448 641 0
122 3 338 18 374 0
122 472 324 486 370 0
122 670 362 691 418 0
122 410 544 448 640 0
123 3 338 18 374 0
123 473 324 489 368 0
123 667 363 688 417 0
123 411 544 449 638 0
124 3 338 18 374 0
124 475 323 491 368 0
124 665 363 685 417 0
124 412 543 449 639 0
125 3 338 18 374 0
125 476 323 493 367 0
125 661 363 681 418 0
125 414 543 450 639 0
126 3 338 18 374 0
126 478 323 495 367 0
126 658 366 678 422 0
126 417 544 453 639 0
127 3 338 18 374 0
127 480 323 497 366 0
127 656 366 675 423 0
127 420 545 457 638 0
128 3 338 18 374 0
128 482 322 498 365 0
128 654 366 674 424 0
128 422 546 462 641 0
129 3 338 18 374 0
129 484 321 499 365 0
129 651 366 672 424 0
129 423 548 465 644 0
130 3 338 19 374 0
130 486 321 502 364 0
130 648 368 670 425 0
130 425 550 467 647 0
131 4 338 19 374 0
131 487 322 503 364 0
131 646 369 669 426 0
131 428 552 467 647 0
132 4 338 19 374 0
132 489 322 505 364 0
132 642 370 663 424 0
132 429 553 468 646 0
133 4 338 20 375 0
133 491 322 507 364 0
133 639 370 659 424 0
133 430 554 468 645 0
134 4 338 19 375 0
134 493 322 509 364 0
134 637 371 656 426 0
134 432 554 470 646 0
135 4 338 19 375 0
135 494 320 510 362 0
135 634 371 654 427 0
135 434 555 472 649 0
136 4 338 19 375 0
136 496 319 512 360 0
136 632 371 652 429 0
136 436 555 475 653 0
137 4 338 19 375 0
137 498 318 514 360 0
137 629 373 650 429 0
137 438 558 477 657 0
138 3 338 19 375 0
138 499 317 517 360 0
138 627 373 647 429 0
138 442 556 480 655 0
139 3 338 19 374 0
139 500 317 518 360 0
139 623 373 644 430 0
139 443 558 481 656 0
140 3 339 19 374 0
140 501 317 519 359 0
140 620 373 639 430 0
140 445 558 483 656 0
141 4 339 19 374 0
141 503 316 520 358 0
141 618 374 636 431 0
141 449 558 485 656 0
142 4 339 19 374 0
142 504 315 520 357 0
142 616 375 634 432 0
142 452 559 488 655 0
143 4 339 19 374 0
143 506 314 521 356 0
143 612 376 631 430 0
143 455 561 491 655 0
144 3 339 19 374 0
144 507 314 524 356 0
144 610 378 631 431 0
144 456 563 494 657 0
145 3 339 19 374 0
145 508 314 526 356 0
145 606 380 629 432 0
145 457 566 497 659 0
146 3 339 19 374 0
146 509 314 527 355 0
146 603 382 625 432 0
146 459 567 499 660 0
147 3 339 19 374 0
147 511 314 528 355 0
147 600 382 620 433 0
147 461 569 500 660 0
148 3 339 19 374 0
148 513 314 528 354 0
148 598 382 617 434 0
148 464 570 502 660 0
149 3 338 19 374 0
149 515 314 529 353 0
149 595 383 614 439 0
149 466 572 504 661 0
150 3 338 19 374 0
150 515 314 530 353 0
150 593 385 613 440 0
150 469 571 507 662 0
151 3 338 19 374 0
151 516 313 531 353 0
151 590 387 611 441 0
151 469 574 510 675 0
152 4 338 19 374 0
152 518 314 534 353 0
152 587 387 609 441 0
152 469 575 512 677 0
153 3 338 19 374 0
153 518 313 535 353 0
153 584 389 606 442 0
153 473 576 516 676 0
154 3 338 18 374 0
154 519 312 535 352 0
154 582 388 604 441 0
154 476 578 519 678 0
155 3 338 18 374 0
155 520 311 536 351 0
155 578 390 598 448 0
155 479 579 521 680 0
156 3 338 18 374 0
156 522 310 537 350 0
156 576 391 595 450 0
156 482 581 523 680 0
157 3 338 18 374 0
157 524 309 539 351 0
157 573 391 591 449 0
157 483 582 525 679 0
158 3 338 18 374 0
158 526 309 541 351 0
158 485 582 527 678 0
159 3 338 18 374 0
159 527 309 542 351 0
159 488 581 530 676 0
160 3 338 18 374 0
160 528 309 544 351 0
160 492 581 534 676 0
161 3 338 19 374 0
161 529 308 544 350 0
161 491 582 542 685 0
162 3 338 19 374 0
162 530 308 545 350 0
162 494 585 545 688 0
163 3 338 19 374 0
163 531 308 546 349 0
163 558 393 576 448 0
163 495 585 546 693 0
164 3 338 19 373 0
164 531 308 547 349 0
164 556 394 573 448 0
164 500 591 543 685 0
165 3 338 19 373 0
165 532 308 549 349 0
165 553 395 571 449 0
165 510 589 547 686 0
166 4 338 19 373 0
166 533 308 550 348 0
166 552 396 570 449 0
166 511 588 550 689 0
167 4 338 19 373 0
167 534 308 551 348 0
167 551 399 569 456 0
167 513 587 556 692 0
168 535 304 552 347 0
168 4 338 19 373 0
168 550 400 568 457 0
169 537 304 553 346 0
169 4 337 19 373 0
169 546 398 564 460 0
169 515 594 566 696 0
170 538 303 554 346 0
170 4 338 19 373 0
170 545 397 562 460 0
170 519 595 567 698 0
171 539 303 555 346 0
171 4 338 19 373 0
171 544 397 561 460 0
171 522 596 567 699 0
172 540 303 556 347 0
172 4 338 19 373 0
172 525 596 570 698 0
173 541 304 557 347 0
173 4 338 19 373 0
173 529 598 572 697 0
174 542 304 558 347 0
174 4 337 19 373 0
174 531 599 574 697 0
175 543 304 559 346 0
175 4 337 19 373 0
175 540 403 556 457 0
175 533 601 576 696 0
176 544 303 559 346 0
176 4 337 19 373 0
176 538 405 555 456 0
176 542 598 582 697 0
177 545 303 561 345 0
177 4 337 19 373 0
177 534 407 553 455 0
177 545 597 586 698 0
177 528 628 573 705 0
178 546 303 562 345 0
178 4 337 19 373 0
178 547 595 597 702 0
179 547 303 563 345 0
179 4 337 19 373 0
179 550 595 601 704 0
180 548 304 564 345 0
180 4 337 19 373 0
180 553 595 602 704 0
181 551 304 567 344 0
181 4 337 19 374 0
181 559 600 598 698 0
182 552 302 567 343 0
182 4 337 20 374 0
182 563 602 599 694 0
183 553 301 568 342 0
183 4 337 20 374 0
183 567 602 601 692 0
184 554 300 569 340 0
184 4 337 19 374 0
184 570 604 602 693 0
185 554 299 570 340 0
185 4 338 19 374 0
185 578 609 612 713 0
186 555 299 571 340 0
186 4 338 19 374 0
186 582 609 616 714 0
187 556 299 571 341 0
187 4 338 19 374 0
187 995 327 1016 376 0
187 511 407 527 466 0
187 585 608 623 715 0
188 556 299 572 341 0
188 4 338 19 374 0
188 990 327 1012 376 0
188 512 404 528 465 0
188 587 607 628 716 0
189 557 299 572 341 0
189 4 338 19 374 0
189 986 329 1008 377 0
189 510 407 527 469 0
189 591 605 631 718 0
190 558 299 573 340 0
190 4 338 19 374 0
190 982 331 1002 378 0
190 508 410 526 470 0
190 595 602 633 719 0
191 559 299 575 340 0
191 4 338 19 374 0
191 978 331 998 379 0
191 506 412 525 475 0
191 598 603 636 717 0
192 560 299 577 340 0
192 4 338 19 374 0
192 971 333 991 379 0
192 505 413 524 473 0
192 602 606 639 714 0
193 561 299 578 339 0
193 4 338 19 374 0
193 966 333 988 380 0
193 504 412 522 474 0
193 609 610 645 714 0
194 562 299 579 339 0
194 4 338 19 374 0
194 961 333 984 379 0
194 502 411 522 476 0
194 611 612 650 716 0
195 563 299 580 338 0
195 4 338 19 374 0
195 956 334 979 379 0
195 500 411 521 477 0
195 611 611 658 719 0
196 564 298 581 338 0
196 4 338 19 374 0
196 952 334 974 378 0
196 499 412 521 478 0
196 613 614 662 719 0
197 565 298 581 338 0
197 4 338 19 374 0
197 947 333 969 379 0
197 498 414 521 479 0
197 621 616 660 715 0
198 566 298 581 338 0
198 4 338 19 374 0
198 937 333 957 377 0
198 945 332 966 380 0
198 497 415 521 481 0
198 625 614 662 714 0
199 566 298 581 338 0
199 4 338 19 374 0
199 938 334 957 382 0
199 947 331 966 377 0
199 495 416 519 481 0
199 629 614 665 716 0
200 567 298 581 338 0
200 4 338 19 374 0
200 934 336 951 385 0
200 494 416 518 481 0
200 633 617 669 716 0
201 568 297 582 337 0
201 4 338 19 374 0
201 929 337 946 384 0
201 493 415 516 480 0
201 635 620 672 715 0
202 568 297 582 337 0
202 4 338 18 374 0
202 925 337 943 384 0
202 493 416 515 480 0
202 643 617 680 719 0
203 568 296 583 337 0
203 4 338 18 374 0
203 920 336 941 381 0
203 492 416 515 482 0
203 647 618 685 719 0
204 568 296 584 337 0
204 4 338 18 374 0
204 915 339 936 383 0
204 491 417 514 483 0
204 651 618 691 719 0
205 569 296 585 337 0
205 4 338 18 374 0
205 913 341 933 384 0
205 490 418 512 484 0
205 655 617 694 719 0
206 569 297 586 337 0
206 4 339 18 374 0
206 914 344 931 385 0
206 489 420 511 484 0
206 658 616 696 719 0
207 569 297 587 336 0
207 4 338 18 374 0
207 901 345 920 387 0
207 488 421 510 485 0
207 661 618 697 719 0
208 570 296 587 336 0
208 3 338 17 374 0
208 897 345 916 387 0
208 486 422 510 486 0
208 664 622 700 719 0
209 570 296 587 335 0
209 3 338 17 374 0
209 892 344 912 388 0
209 485 423 509 486 0
209 667 624 703 719 0
210 571 295 587 336 0
210 3 338 17 374 0
210 889 342 907 388 0
210 485 423 508 487 0
210 675 622 715 719 0
211 572 294 587 335 0
211 3 339 17 374 0
211 885 342 902 388 0
211 484 422 507 489 0
212 572 294 587 335 0
212 3 338 16 374 0
212 875 344 890 390 0
212 881 342 899 388 0
212 484 423 505 490 0
213 572 294 587 335 0
213 3 338 16 374 0
213 874 343 891 390 0
213 483 427 505 492 0
213 687 630 728 719 0
214 573 294 587 335 0
214 872 343 889 390 0
214 882 345 900 389 0
214 483 429 506 493 0
214 691 631 731 719 0
215 573 294 587 335 0
215 2 338 15 374 0
215 868 345 884 391 0
215 484 430 507 494 0
215 696 631 733 719 0
216 573 294 588 336 0
216 864 348 877 394 0
216 484 430 507 496 0
216 698 631 736 719 0
217 573 294 588 336 0
217 484 429 507 497 0
217 707 628 747 719 0
218 573 293 589 336 0
218 2 338 15 374 0
218 839 348 855 391 0
218 851 348 866 396 0
218 483 429 507 498 0
218 710 629 751 718 0
219 574 293 589 335 0
219 2 338 15 374 0
219 840 344 858 392 0
219 482 429 506 499 0
219 714 630 757 718 0
220 574 293 589 335 0
220 2 338 15 373 0
220 839 344 858 393 0
220 848 347 865 394 0
220 482 429 506 500 0
220 718 631 762 718 0
221 574 294 590 335 0
221 835 347 854 396 0
221 481 431 506 501 0
221 722 633 766 718 0
222 575 293 590 334 0
222 832 350 850 397 0
222 482 434 506 502 0
222 727 635 769 719 0
223 575 293 591 334 0
223 828 350 846 398 0
223 481 436 506 503 0
223 730 636 771 719 0
224 576 293 591 333 0
224 824 351 844 399 0
224 481 437 506 504 0
224 737 638 778 717 0
225 576 292 591 333 0
225 819 353 840 401 0
225 480 437 506 504 0
225 740 639 781 717 0
226 576 292 591 333 0
226 815 354 836 402 0
226 480 436 506 505 0
226 744 639 786 717 0
227 576 293 590 333 0
227 806 354 829 405 0
227 481 436 505 506 0
227 749 640 791 717 0
228 576 293 590 333 0
228 803 354 826 405 0
228 479 434 502 508 0
228 754 642 797 718 0
229 577 293 591 332 0
229 798 355 821 406 0
229 479 436 502 510 0
229 759 645 802 719 0
230 577 292 592 332 0
230 793 356 815 408 0
230 478 437 502 512 0
230 763 645 804 719 0
231 578 292 593 332 0
231 789 358 810 410 0
231 479 438 502 514 0
231 771 647 816 719 0
232 577 292 593 332 0
232 786 359 804 411 0
232 479 438 501 515 0
232 775 648 819 719 0
233 577 292 593 332 0
233 782 359 801 412 0
233 480 439 501 515 0
233 779 648 824 719 0
234 577 292 593 331 0
234 0 336 12 371 0
234 774 359 795 414 0
234 480 439 501 514 0
234 785 648 829 719 0
235 577 292 593 331 0
235 0 336 12 371 0
235 769 362 793 414 0
235 781 361 801 408 0
235 480 440 501 515 0
235 789 649 835 719 0
236 578 292 594 331 0
236 0 336 12 371 0
236 764 363 788 415 0
236 479 441 500 517 0
236 793 648 839 719 0
237 578 292 594 330 0
237 0 335 12 371 0
237 759 364 783 415 0
237 478 444 500 520 0
237 803 651 849 719 0
238 578 292 594 330 0
238 0 335 12 371 0
238 754 364 778 416 0
238 477 446 500 523 0
238 807 656 854 719 0
239 578 292 593 330 0
239 0 335 12 371 0
239 750 364 774 417 0
239 475 447 499 525 0
239 810 656 857 719 0
240 578 292 592 330 0
240 0 335 11 371 0
240 746 366 770 422 0
240 474 447 499 526 0
240 813 657 860 719 0
241 577 292 591 330 0
241 0 335 11 371 0
241 749 361 770 413 0
241 738 367 761 425 0
241 473 446 498 526 0
241 818 657 865 719 0
242 577 292 591 330 0
242 0 335 10 370 0
242 735 367 756 425 0
242 473 446 497 525 0
242 823 658 868 719 0
243 578 292 591 330 0
243 0 335 10 371 0
243 731 368 751 426 0
243 473 447 496 526 0
243 825 661 871 719 0
244 578 292 592 330 0
244 0 335 9 371 0
244 727 369 747 425 0
244 472 449 495 528 0
244 835 664 880 719 0
245 578 292 592 329 0
245 0 334 9 370 0
245 722 370 744 426 0
245 469 453 494 533 0
245 839 663 882 719 0
246 578 292 593 328 0
246 0 334 8 370 0
246 707 373 729 431 0
246 715 370 741 428 0
246 468 454 493 534 0
247 578 292 593 328 0
247 0 334 8 370 0
247 706 374 730 432 0
247 468 455 492 534 0
248 578 292 593 328 0
248 0 334 9 370 0
248 700 375 728 431 0
248 716 378 741 431 0
248 468 455 491 536 0
249 578 292 593 327 0
249 0 334 9 370 0
249 695 377 722 432 0
249 467 455 491 537 0
250 577 292 593 327 0
250 0 334 9 370 0
250 690 375 717 433 0
250 466 456 490 537 0
251 577 291 592 327 0
251 0 334 9 370 0
251 686 376 711 434 0
251 465 457 489 537 0
252 577 291 590 328 0
252 0 334 9 370 0
252 682 378 705 435 0
252 463 459 487 539 0
253 0 334 9 370 0
253 681 380 703 434 0
253 461 461 486 542 0
254 0 334 9 370 0
254 673 384 695 437 0
254 683 381 703 432 0
254 459 463 485 544 0
255 0 334 9 370 0
255 667 385 691 438 0
255 458 464 484 545 0
256 0 334 9 370 0
256 661 386 687 439 0
256 455 464 483 546 0
257 0 334 9 370 0
257 655 387 682 441 0
257 453 465 481 547 0
258 0 334 9 370 0
258 640 384 664 438 0
258 650 388 676 442 0
258 452 466 479 546 0
259 0 334 9 370 0
259 640 388 666 443 0
259 451 466 477 547 0
260 575 288 589 325 0
260 0 334 9 370 0
260 638 390 664 444 0
260 451 467 476 550 0
261 574 288 589 324 0
261 0 334 9 370 0
261 634 391 659 446 0
262 574 288 589 323 0
262 0 334 9 370 0
262 629 393 653 447 0
262 443 471 471 557 0
263 574 288 588 322 0
263 0 334 9 371 0
263 626 395 647 449 0
263 443 472 472 560 0
264 573 287 588 322 0
264 0 334 9 371 0
264 620 395 642 451 0
264 442 472 470 562 0
265 573 287 587 323 0
265 0 334 9 371 0
265 615 395 639 452 0
265 608 402 629 457 0
265 441 472 468 561 0
266 573 287 587 323 0
266 0 334 9 371 0
266 608 396 633 451 0
266 440 473 466 560 0
267 572 287 586 322 0
267 0 334 9 371 0
267 619 392 640 442 0
267 603 399 631 456 0
267 439 473 465 560 0
268 571 287 586 322 0
268 0 334 9 371 0
268 597 401 625 461 0
268 439 477 465 559 0
269 571 286 585 321 0
269 0 334 9 371 0
269 592 403 619 464 0
269 438 481 464 558 0
270 570 285 585 320 0
270 0 334 9 371 0
270 586 404 612 465 0
270 437 483 464 558 0
271 570 284 584 318 0
271 0 334 9 371 0
271 435 484 464 559 0
272 569 283 584 318 0
272 0 334 8 371 0
272 431 484 462 560 0
273 569 283 584 317 0
273 0 334 8 371 0
273 428 485 459 565 0
274 568 284 583 317 0
274 0 333 8 370 0
274 425 484 455 566 0
275 568 283 583 317 0
275 0 333 8 370 0
275 422 483 450 570 0
276 567 283 583 317 0
276 0 333 8 370 0
276 556 407 578 461 0
276 420 485 448 574 0
277 567 282 582 316 0
277 0 333 8 370 0
277 552 409 574 464 0
277 418 487 446 577 0
278 566 281 581 315 0
278 0 333 8 370 0
278 416 490 444 576 0
279 565 280 580 315 0
279 0 333 8 370 0
279 414 490 442 575 0
280 565 280 580 315 0
280 0 333 8 370 0
280 410 492 439 576 0
281 565 280 580 315 0
281 0 333 8 370 0
281 409 491 437 578 0
282 563 280 579 315 0
282 0 334 8 371 0
282 407 492 435 579 0
283 562 279 578 314 0
283 0 334 8 371 0
283 405 494 433 578 0
284 561 279 577 314 0
284 0 334 8 371 0
284 403 498 432 580 0
285 561 280 576 313 0
285 0 333 8 371 0
285 513 419 530 478 0
285 401 501 430 581 0
286 561 280 576 313 0
286 0 333 8 371 0
286 513 418 531 481 0
286 399 501 427 581 0
287 561 280 576 313 0
287 0 333 8 371 0
287 103 322 115 348 0
287 510 415 530 478 0
287 394 500 425 582 0
288 561 280 576 313 0
288 0 334 9 371 0
288 103 322 115 348 0
288 506 416 528 479 0
288 390 500 422 584 0
289 561 280 575 312 0
289 0 334 9 371 0
289 104 322 115 348 0
289 503 418 525 480 0
289 388 501 418 585 0
290 560 280 575 312 0
290 0 334 9 371 0
290 104 322 116 349 0
290 500 420 523 481 0
290 385 502 413 587 0
291 559 280 574 311 0
291 0 334 9 371 0
291 106 322 118 349 0
291 498 421 521 482 0
291 382 504 410 590 0
292 559 280 573 311 0
292 0 334 9 371 0
292 497 421 519 484 0
292 378 507 406 594 0
293 558 279 573 311 0
293 0 334 10 371 0
293 495 421 517 486 0
293 376 508 405 598 0
294 558 280 573 311 0
294 0 334 10 371 0
294 108 322 120 349 0
294 493 422 516 488 0
294 374 510 404 600 0
295 558 280 572 311 0
295 0 334 10 371 0
295 108 322 119 349 0
295 492 423 515 488 0
295 370 516 401 602 0
296 557 280 572 311 0
296 0 334 10 371 0
296 108 322 120 350 0
296 490 424 515 487 0
296 369 517 398 603 0
297 556 280 571 310 0
297 0 334 10 371 0
297 108 322 120 350 0
297 489 424 514 487 0
297 367 517 394 603 0
298 555 280 570 310 0
298 0 334 10 371 0
298 108 322 120 350 0
298 488 424 514 487 0
298 366 517 392 603 0
299 555 279 570 310 0
299 0 334 10 371 0
299 108 322 121 351 0
299 486 424 514 488 0
299 364 518 389 605 0
300 555 279 570 310 0
300 0 335 10 372 0
300 109 322 121 351 0
300 485 427 513 493 0
300 362 520 386 607 0
301 554 280 569 310 0
301 0 335 10 372 0
301 109 323 122 351 0
301 484 427 513 492 0
301 360 523 384 609 0
302 554 280 567 310 0
302 0 335 10 372 0
302 109 323 122 351 0
302 483 428 512 493 0
302 358 526 382 608 0
303 553 278 567 308 0
303 0 335 10 372 0
303 108 323 121 352 0
303 483 428 511 494 0
303 356 527 381 610 0
304 552 278 566 308 0
304 0 335 10 372 0
304 108 323 121 352 0
304 483 429 511 497 0
304 354 527 378 612 0
305 552 277 566 308 0
305 0 334 10 372 0
305 108 323 121 352 0
305 483 431 510 499 0
305 351 527 376 613 0
306 550 276 563 308 0
306 0 334 10 372 0
306 109 323 122 353 0
306 483 432 510 502 0
306 350 528 375 617 0
307 550 276 563 308 0
307 0 334 10 372 0
307 109 323 123 354 0
307 483 433 510 503 0
307 348 530 375 619 0
308 550 277 562 308 0
308 0 334 10 372 0
308 109 323 123 354 0
308 483 433 510 502 0
308 345 534 374 624 0
309 550 277 562 308 0
309 0 334 10 372 0
309 109 322 122 354 0
309 482 432 511 501 0
309 343 537 375 628 0
310 549 277 561 308 0
310 0 335 10 372 0
310 109 322 122 353 0
310 481 432 512 501 0
310 341 538 376 632 0
311 548 276 561 308 0
311 0 335 10 372 0
311 108 322 121 353 0
311 480 433 511 501 0
311 340 541 377 634 0
312 548 276 560 308 0
312 0 334 10 372 0
312 109 322 122 353 0
312 479 435 510 504 0
312 339 542 376 634 0
313 547 276 559 308 0
313 593 273 608 307 0
313 0 334 10 372 0
313 109 322 122 353 0
313 476 436 505 507 0
313 338 543 371 633 0
314 546 276 559 308 0
314 593 273 608 306 0
314 0 334 10 372 0
314 110 322 123 353 0
314 476 437 505 508 0
314 336 548 366 637 0
315 546 276 558 308 0
315 0 334 10 372 0
315 110 322 122 353 0
315 476 438 505 508 0
315 334 552 363 641 0
316 545 276 558 308 0
316 0 334 10 372 0
316 110 322 123 353 0
316 477 438 505 508 0
316 334 555 361 640 0
316 330 595 352 658 0
317 545 276 558 307 0
317 0 334 10 372 0
317 111 322 123 353 0
317 477 438 505 509 0
317 335 558 360 640 0
317 329 595 350 659 0
318 544 275 557 307 0
318 0 334 10 372 0
318 111 322 123 353 0
318 477 438 505 510 0
318 334 557 360 642 0
318 328 595 350 660 0
319 543 274 556 306 0
319 0 334 10 373 0
319 111 322 124 353 0
319 480 440 507 514 0
319 332 557 359 647 0
320 542 274 555 306 0
320 0 334 10 372 0
320 111 322 124 353 0
320 126 319 139 352 0
320 480 442 507 516 0
320 328 558 358 649 0
321 541 274 554 306 0
321 0 334 10 372 0
321 111 322 124 353 0
321 126 319 139 352 0
321 480 444 507 517 0
321 327 558 357 649 0
322 541 274 554 306 0
322 0 334 10 372 0
322 110 322 123 353 0
322 127 319 139 352 0
322 480 445 507 517 0
322 326 558 356 651 0
323 540 274 553 306 0
323 0 334 10 372 0
323 110 322 123 353 0
323 127 320 140 352 0
323 477 443 504 514 0
323 324 557 356 656 0
324 540 275 553 307 0
324 0 334 10 372 0
324 110 322 123 353 0
324 127 320 140 352 0
324 480 446 507 515 0
324 322 560 357 659 0
325 539 275 552 306 0
325 0 334 10 372 0
325 110 322 124 354 0
325 127 321 140 352 0
325 481 448 506 517 0
325 320 563 358 661 0
326 539 275 551 307 0
326 0 333 10 372 0
326 110 323 124 354 0
326 127 321 141 353 0
326 478 449 503 523 0
326 319 567 359 662 0
327 538 274 551 306 0
327 0 334 10 372 0
327 110 323 124 354 0
327 127 321 140 353 0
327 477 451 503 525 0
327 318 570 358 664 0
328 538 274 550 306 0
328 0 334 10 372 0
328 111 323 124 354 0
328 127 321 140 353 0
328 476 452 504 526 0
328 318 572 356 664 0
329 537 274 550 306 0
329 0 334 10 372 0
329 111 323 124 354 0
329 127 321 140 352 0
329 474 452 506 526 0
329 318 572 352 665 0
330 536 273 549 305 0
330 0 335 10 373 0
330 112 323 125 354 0
330 127 320 140 352 0
330 472 452 505 526 0
330 317 572 349 666 0
331 535 272 548 305 0
331 0 335 10 373 0
331 112 323 125 354 0
331 127 320 140 352 0
331 471 451 503 527 0
331 317 581 344 674 0
332 534 272 547 305 0
332 0 335 10 373 0
332 113 323 126 354 0
332 127 320 140 352 0
332 469 451 500 527 0
332 318 581 343 675 0
332 310 631 333 692 0
333 533 272 545 304 0
333 0 335 10 373 0
333 114 322 127 354 0
333 127 320 140 351 0
333 466 454 497 533 0
333 318 581 343 677 0
333 309 632 332 696 0
334 532 272 544 304 0
334 0 335 10 373 0
334 114 322 127 354 0
334 127 319 140 352 0
334 465 456 496 535 0
334 317 584 343 679 0
334 309 631 334 700 0
335 531 272 543 304 0
335 0 335 10 373 0
335 114 322 128 354 0
335 127 320 140 352 0
335 465 458 494 535 0
335 315 587 343 683 0
335 308 625 336 704 0
336 531 272 542 304 0
336 0 335 10 373 0
336 114 322 127 354 0
336 127 320 140 352 0
336 464 459 493 534 0
336 310 590 340 686 0
337 530 272 542 304 0
337 0 335 10 373 0
337 114 322 127 354 0
337 127 320 140 352 0
337 462 459 491 534 0
337 308 592 339 692 0
338 530 272 541 304 0
338 0 335 10 373 0
338 114 322 128 354 0
338 127 320 140 352 0
338 460 460 490 536 0
338 305 593 339 696 0
339 529 272 541 304 0
339 0 335 10 372 0
339 115 323 129 354 0
339 126 321 140 352 0
339 458 462 488 538 0
339 303 595 339 700 0
340 529 271 540 304 0
340 0 334 8 372 0
340 115 323 129 354 0
340 126 322 140 353 0
340 456 463 487 540 0
340 301 598 340 700 0
341 529 271 540 303 0
341 116 324 130 355 0
341 126 323 140 354 0
341 453 464 486 542 0
341 299 601 340 701 0
342 528 271 539 303 0
342 116 325 130 356 0
342 126 324 140 355 0
342 450 465 484 543 0
342 294 609 336 711 0
343 528 271 538 302 0
343 115 325 130 356 0
343 126 324 140 355 0
343 447 466 481 542 0
343 292 607 335 713 0
344 527 271 537 303 0
344 115 326 130 356 0
344 126 324 141 355 0
344 439 469 474 546 0
344 291 607 333 712 0
345 115 326 130 357 0
345 127 324 142 355 0
345 438 468 471 546 0
345 290 609 329 712 0
346 116 326 130 357 0
346 129 325 143 356 0
346 435 467 468 549 0
347 0 331 6 370 0
347 117 326 131 358 0
347 130 325 144 357 0
347 432 468 466 551 0
347 289 619 322 711 0
348 117 325 131 358 0
348 131 326 144 358 0
348 430 470 464 552 0
348 288 624 319 709 0
349 117 326 130 358 0
349 131 325 144 358 0
349 429 471 462 552 0
349 285 626 317 705 0
349 291 678 322 718 0
350 118 327 131 358 0
350 131 325 144 358 0
350 426 471 459 550 0
350 284 632 317 706 0
350 287 681 321 719 0
351 118 328 131 358 0
351 131 326 145 358 0
351 423 471 455 553 0
352 118 328 132 358 0
352 132 326 146 358 0
352 420 473 452 556 0
353 119 328 132 358 0
353 133 326 146 358 0
353 419 476 450 561 0
354 118 328 132 358 0
354 134 326 147 358 0
354 416 478 447 560 0
355 516 267 526 300 0
355 118 328 132 358 0
355 134 327 146 359 0
355 413 480 446 560 0
356 516 269 527 302 0
356 118 328 132 359 0
356 133 327 146 359 0
356 412 481 444 558 0
357 516 271 527 303 0
357 562 270 578 302 0
357 118 328 132 359 0
357 133 327 146 359 0
357 405 480 438 561 0
358 516 270 526 302 0
358 563 272 579 303 0
358 117 328 132 359 0
358 132 328 146 360 0
358 401 480 434 562 0
358 249 643 292 718 0
359 515 269 526 301 0
359 563 273 578 304 0
359 117 328 132 359 0
359 132 329 146 360 0
359 397 481 428 561 0
360 515 269 526 300 0
360 562 274 577 305 0
360 0 333 7 372 0
360 118 328 132 360 0
360 131 329 146 360 0
360 391 486 425 570 0
361 514 269 525 300 0
361 560 274 575 305 0
361 0 332 8 372 0
361 118 328 133 360 0
361 132 329 146 360 0
361 389 489 422 571 0
361 233 661 270 719 0
362 513 269 525 300 0
362 558 273 573 305 0
362 0 332 9 372 0
362 119 327 133 360 0
362 132 328 146 360 0
362 387 491 420 571 0
362 228 658 266 719 0
363 513 269 524 300 0
363 558 273 571 304 0
363 0 332 9 372 0
363 119 327 133 360 0
363 133 328 147 360 0
363 385 492 418 570 0
363 225 661 263 719 0
364 512 268 523 299 0
364 557 272 571 303 0
364 0 332 9 372 0
364 120 327 134 359 0
364 135 327 149 360 0
364 383 492 415 571 0
364 219 665 260 719 0
365 558 272 571 303 0
365 120 327 134 359 0
365 135 328 149 359 0
365 381 491 412 574 0
365 216 670 258 719 0
366 558 272 571 303 0
366 120 327 134 359 0
366 134 328 148 359 0
366 375 492 406 573 0
366 213 683 257 719 0
367 508 267 520 297 0
367 558 273 571 303 0
367 121 327 134 358 0
367 374 489 404 574 0
368 507 268 519 298 0
368 557 273 570 303 0
368 121 328 135 359 0
368 371 489 402 575 0
369 506 268 518 298 0
369 557 274 569 303 0
369 121 328 135 359 0
369 134 328 149 359 0
369 368 490 401 576 0
370 506 269 517 299 0
370 556 274 569 304 0
370 1 337 13 373 0
370 121 329 136 360 0
370 134 328 150 360 0
370 363 491 399 577 0
371 506 270 516 300 0
371 555 273 568 304 0
371 2 338 14 373 0
371 121 329 136 360 0
371 135 328 151 359 0
371 359 493 396 578 0
371 170 687 213 719 0
372 505 270 516 300 0
372 554 273 568 303 0
372 2 338 16 373 0
372 121 329 136 360 0
372 136 328 151 359 0
372 353 495 390 580 0
372 166 685 210 719 0
373 505 270 516 299 0
373 553 273 567 302 0
373 2 338 16 373 0
373 122 329 136 360 0
373 135 328 151 359 0
373 349 495 384 581 0
373 161 688 205 719 0
374 504 269 515 299 0
374 552 273 566 301 0
374 3 338 16 374 0
374 122 328 137 359 0
374 135 328 150 359 0
374 346 494 380 584 0
374 154 692 200 719 0
375 503 269 514 299 0
375 552 273 565 301 0
375 3 338 16 374 0
375 122 328 137 360 0
375 135 327 151 359 0
375 341 498 374 587 0
375 148 695 197 719 0
376 502 269 513 299 0
376 550 273 563 301 0
376 3 338 17 374 0
376 122 328 137 360 0
376 133 327 149 360 0
376 337 500 372 590 0
376 142 698 196 719 0
377 501 268 512 298 0
377 549 274 562 302 0
377 3 338 17 373 0
377 122 328 137 360 0
377 134 327 149 360 0
377 332 504 370 589 0
377 127 699 184 718 0
378 501 268 510 296 0
378 548 273 562 302 0
378 3 339 18 373 0
378 122 328 137 360 0
378 133 328 149 361 0
378 328 508 367 591 0
379 500 268 509 296 0
379 548 273 561 301 0
379 3 339 18 373 0
379 122 328 137 360 0
379 135 329 151 361 0
379 325 509 363 594 0
380 499 267 508 295 0
380 547 272 560 300 0
380 3 339 18 374 0
380 122 329 137 361 0
380 136 329 152 361 0
380 322 510 360 597 0
381 498 267 508 295 0
381 546 271 559 300 0
381 3 338 17 374 0
381 137 329 153 361 0
381 319 510 357 599 0
382 497 267 507 296 0
382 544 271 558 300 0
382 3 338 17 374 0
382 138 328 154 361 0
382 315 511 355 599 0
383 496 268 507 297 0
383 543 271 557 300 0
383 3 338 16 374 0
383 139 327 155 360 0
383 312 517 353 600 0
384 496 268 506 297 0
384 542 271 556 301 0
384 140 327 156 360 0
384 310 519 350 600 0
385 495 268 505 296 0
385 541 272 555 301 0
385 141 327 156 360 0
385 303 520 342 600 0
386 494 267 504 296 0
386 539 272 553 301 0
386 141 327 156 360 0
386 299 522 338 602 0
387 493 266 504 295 0
387 538 272 552 301 0
387 140 327 155 361 0
387 294 524 333 604 0
388 492 266 503 296 0
388 537 272 551 301 0
388 140 327 155 361 0
388 289 524 328 606 0
389 492 266 502 296 0
389 537 272 551 301 0
389 140 328 155 361 0
389 284 524 323 609 0
390 492 267 502 296 0
390 537 272 550 301 0
390 141 328 155 362 0
390 279 524 319 610 0
391 537 273 550 302 0
391 141 329 155 362 0
391 277 526 317 609 0
392 536 273 549 302 0
392 141 329 155 362 0
392 270 529 311 612 0
393 535 273 549 302 0
393 141 329 156 362 0
393 268 530 305 614 0
394 534 273 547 302 0
394 142 329 158 362 0
394 265 530 300 617 0
395 533 272 546 302 0
395 3 337 17 374 0
395 143 329 159 362 0
395 262 530 297 620 0
396 533 272 545 301 0
396 3 338 18 374 0
396 142 329 159 363 0
396 257 531 294 622 0
397 532 272 544 302 0
397 3 337 18 374 0
397 139 329 157 363 0
397 252 532 291 623 0
398 532 272 543 302 0
398 3 337 18 374 0
398 138 329 155 363 0
398 248 535 288 623 0
399 531 273 543 303 0
399 2 336 16 373 0
399 137 329 154 364 0
399 245 538 285 623 0
400 531 273 542 303 0
400 2 335 15 372 0
400 137 329 154 364 0
400 237 539 276 625 0
401 531 273 542 303 0
401 2 334 13 371 0
401 137 329 153 364 0
401 233 540 269 627 0
402 530 272 541 302 0
402 2 334 14 372 0
402 226 540 262 630 0
403 529 271 540 302 0
403 2 335 14 372 0
403 220 540 257 633 0
404 528 270 539 302 0
404 2 336 15 373 0
404 215 541 253 632 0
405 207 548 247 636 0
406 203 550 243 635 0
407 199 552 238 637 0
408 195 552 232 640 0
409 193 551 228 644 0
410 473 267 486 297 0
410 105 394 125 445 0
410 190 552 225 647 0
411 472 267 485 297 0
411 106 394 127 447 0
411 185 555 222 648 0
412 108 393 128 445 0
412 182 557 220 648 0
413 110 391 129 444 0
413 172 559 210 651 0
414 112 391 131 445 0
414 168 561 206 653 0
415 4 337 19 372 0
415 141 331 159 367 0
415 114 391 133 446 0
415 163 562 201 655 0
416 516 269 528 302 0
416 4 337 19 372 0
416 142 331 160 367 0
416 117 391 137 446 0
416 124 384 143 435 0
416 157 563 194 657 0
417 516 270 527 302 0
417 142 332 161 367 0
417 123 388 143 438 0
417 151 562 188 659 0
418 469 268 481 297 0
418 516 270 527 301 0
418 143 332 161 367 0
418 123 391 145 441 0
418 142 566 177 657 0
419 468 268 480 297 0
419 515 269 526 300 0
419 143 332 161 367 0
419 124 392 146 442 0
419 138 568 177 660 0
420 467 269 479 297 0
420 515 268 526 299 0
420 143 332 161 368 0
420 126 391 148 441 0
420 134 571 174 660 0
421 466 269 478 297 0
421 514 268 525 299 0
421 143 332 160 367 0
421 128 390 150 441 0
421 131 573 171 662 0
422 464 269 477 297 0
422 513 269 525 299 0
422 130 391 151 441 0
423 464 270 477 297 0
423 512 269 524 299 0
423 131 391 152 442 0
423 121 572 164 694 0
424 463 270 476 297 0
424 510 269 522 299 0
424 134 391 154 442 0
424 116 572 161 695 0
425 509 269 521 299 0
425 137 392 158 441 0
425 114 574 159 694 0
426 508 268 519 299 0
426 140 392 162 440 0
426 109 578 160 693 0
427 144 333 161 367 0
427 142 392 164 438 0
428 144 333 161 367 0
428 144 392 166 437 0
429 144 333 161 367 0
429 147 392 168 437 0
430 145 333 162 368 0
430 149 394 170 438 0
431 150 393 171 437 0
432 148 392 167 434 0
432 157 393 177 435 0
433 159 393 179 434 0
436 168 395 190 442 0
437 170 394 192 443 0
438 172 394 194 443 0
439 174 393 196 443 0
440 176 393 198 443 0
441 177 393 197 442 0
443 192 390 212 438 0
444 189 390 211 440 0
445 189 388 213 439 0
446 191 388 215 439 0
447 194 389 218 440 0
448 196 391 219 441 0
449 198 392 220 441 0
450 200 391 221 441 0
451 203 390 223 439 0
452 204 389 225 438 0
453 207 389 228 437 0
454 209 391 232 437 0
455 212 391 235 437 0
456 214 392 237 438 0
457 215 392 236 436 0
458 223 385 244 433 0
459 224 384 246 432 0
460 224 384 247 434 0
461 226 385 248 434 0
462 227 385 250 435 0
463 992 299 1012 345 0
463 229 385 253 435 0
464 990 302 1013 347 0
464 231 385 254 435 0
465 989 304 1012 347 0
465 232 384 255 434 0
466 988 304 1010 346 0
466 233 384 257 435 0
467 988 302 1007 347 0
468 988 300 1003 346 0
469 239 380 261 434 0
470 242 380 264 436 0
472 977 302 998 345 0
473 976 303 997 345 0
474 972 302 992 344 0
475 972 302 990 345 0
476 970 301 987 345 0
477 968 301 984 344 0
478 965 302 982 344 0
479 963 303 982 344 0
480 961 303 982 344 0
481 960 303 980 344 0
482 959 303 978 344 0
483 959 302 975 344 0
484 958 301 972 342 0
485 956 300 970 342 0
486 954 300 969 342 0
487 952 300 969 342 0
488 950 301 968 342 0
489 949 301 966 341 0
490 948 301 963 339 0
491 279 387 296 436 0
492 280 385 299 434 0
493 280 384 302 432 0
494 281 384 305 432 0
495 282 384 305 431 0
496 283 384 305 431 0
497 286 383 307 430 0
498 287 382 307 430 0
499 288 381 309 429 0
500 290 381 310 429 0
501 292 380 312 429 0
502 294 378 313 429 0
503 296 377 315 428 0
504 298 377 317 429 0
505 299 378 320 429 0
506 301 379 321 430 0
507 302 379 322 430 0
508 303 380 322 430 0
509 304 380 323 431 0
510 305 379 325 431 0
511 307 378 328 430 0
512 308 378 329 430 0
513 309 378 329 430 0
514 310 377 330 429 0
515 310 378 330 430 0
516 311 378 332 429 0
517 312 378 335 429 0
518 313 379 336 428 0
519 314 380 336 428 0
520 314 382 335 429 0
522 947 704 1004 719 0
523 323 382 342 431 0
523 941 704 997 719 0
524 323 379 344 430 0
525 326 379 345 430 0
528 329 381 352 429 0
529 875 298 890 339 0
529 330 382 352 429 0
530 332 381 352 428 0
531 333 380 352 427 0
532 335 378 353 426 0
533 336 376 354 425 0
534 336 375 354 424 0
535 337 375 354 424 0
536 338 375 356 425 0
537 339 376 357 425 0
538 339 378 358 427 0
539 340 380 359 428 0
545 788 680 841 719 0
546 202 346 222 386 0
546 783 676 839 718 0
547 202 345 222 386 0
547 778 676 832 717 0
548 203 346 222 387 0
548 773 674 825 717 0
549 844 293 856 333 0
549 205 347 223 387 0
549 769 675 819 716 0
550 845 293 857 332 0
550 206 347 224 387 0
550 768 683 819 713 0
551 845 293 856 331 0
551 207 347 225 387 0
552 843 294 855 330 0
552 209 347 226 387 0
553 842 294 853 329 0
553 210 347 227 388 0
554 840 293 852 330 0
554 211 347 228 388 0
555 838 292 850 330 0
555 211 347 228 388 0
556 211 347 227 388 0
557 211 347 227 388 0
558 211 347 227 389 0
559 212 348 228 390 0
560 212 349 229 390 0
561 213 350 230 391 0
562 213 350 231 391 0
563 214 350 232 392 0
564 214 350 233 392 0
565 215 350 234 392 0
566 216 351 235 393 0
567 216 351 235 394 0
568 217 352 236 395 0
569 217 352 236 395 0
570 217 352 236 395 0
571 218 352 236 395 0
571 643 641 681 714 0
572 218 352 236 395 0
572 643 641 678 714 0
573 218 352 236 395 0
573 632 639 668 716 0
574 218 352 237 394 0
574 628 635 663 718 0
575 218 352 237 394 0
575 624 631 659 719 0
576 218 352 237 395 0
576 621 631 655 719 0
577 220 354 241 395 0
577 616 631 651 719 0
578 220 354 241 395 0
578 612 630 646 719 0
579 220 355 241 395 0
579 602 631 637 716 0
580 221 355 241 395 0
580 600 628 634 719 0
581 221 355 241 395 0
581 594 625 631 718 0
582 222 354 242 395 0
582 588 625 628 717 0
583 223 354 242 394 0
583 582 626 628 717 0
584 225 354 243 394 0
585 197 350 213 394 0
585 225 354 243 394 0
586 197 351 213 394 0
586 226 355 243 394 0
587 197 351 213 394 0
587 227 355 244 394 0
588 198 351 213 393 0
588 227 355 244 395 0
589 199 350 214 393 0
589 227 355 244 395 0
589 547 621 590 719 0
590 227 354 244 396 0
590 543 620 583 719 0
591 228 354 245 397 0
591 540 619 582 719 0
592 228 354 245 398 0
592 539 621 581 717 0
593 229 354 246 398 0
593 526 622 576 719 0
594 229 354 246 398 0
595 230 355 246 398 0
595 516 616 563 719 0
596 202 354 216 394 0
596 229 356 246 398 0
596 514 617 558 719 0
597 202 355 217 395 0
597 229 356 246 397 0
597 510 619 553 714 0
598 988 291 1006 336 0
598 202 354 217 395 0
598 229 355 246 397 0
598 506 621 551 716 0
599 987 290 1003 337 0
599 203 354 218 395 0
599 229 354 246 397 0
599 507 626 549 712 0
600 987 287 1001 337 0
600 203 354 218 395 0
600 229 353 247 397 0
601 203 355 219 396 0
601 230 354 247 397 0
601 488 608 538 694 0
602 203 355 220 396 0
602 230 355 248 398 0
602 483 607 533 696 0
603 985 290 999 338 0
603 205 355 222 397 0
603 230 355 247 399 0
603 481 606 526 694 0
604 983 292 998 338 0
604 206 355 224 397 0
604 229 355 247 400 0
604 479 604 521 694 0
605 981 293 997 338 0
605 208 355 226 398 0
605 477 603 517 694 0
606 980 293 996 337 0
606 475 603 515 696 0
607 468 602 510 694 0
608 978 293 994 337 0
608 465 601 508 694 0
609 978 293 993 336 0
609 461 598 503 692 0
610 977 294 993 335 0
610 458 596 498 689 0
611 973 294 992 333 0
611 456 593 495 687 0
612 972 295 990 333 0
612 453 592 494 687 0
613 971 295 988 334 0
613 447 587 498 691 0
614 970 295 986 335 0
614 444 588 497 690 0
615 969 295 985 335 0
615 440 587 494 688 0
616 968 295 984 335 0
616 438 586 489 686 0
617 967 295 983 335 0
617 214 356 235 402 0
617 432 585 476 682 0
618 967 295 982 336 0
618 214 357 235 402 0
618 427 582 471 680 0
619 966 295 982 337 0
619 215 357 236 402 0
619 232 361 251 407 0
619 423 582 466 679 0
620 965 296 981 337 0
620 215 357 236 402 0
620 233 361 252 406 0
620 420 581 463 678 0
621 964 295 979 337 0
621 216 357 237 401 0
621 234 361 253 405 0
621 418 582 460 677 0
622 962 295 978 336 0
622 216 357 236 402 0
622 234 360 254 405 0
622 417 581 458 677 0
623 961 296 976 336 0
623 217 356 237 402 0
623 232 359 251 406 0
623 415 579 456 677 0
624 960 296 975 336 0
624 217 356 237 403 0
624 228 359 249 407 0
624 406 575 435 652 0
624 412 578 452 676 0
625 959 296 975 336 0
625 217 355 238 403 0
625 411 577 448 674 0
626 957 296 975 336 0
626 218 355 238 404 0
626 405 573 443 666 0
627 956 297 974 336 0
627 218 355 237 405 0
627 402 572 441 666 0
628 955 297 973 336 0
628 224 357 244 408 0
628 399 573 438 666 0
629 954 297 971 336 0
629 224 357 244 408 0
629 395 573 436 666 0
630 953 297 969 337 0
630 224 357 244 408 0
630 392 572 434 665 0
631 952 296 968 337 0
631 226 357 244 408 0
631 389 570 429 662 0
632 950 296 966 338 0
632 227 357 245 407 0
632 386 567 425 660 0
633 950 296 965 338 0
633 227 357 246 407 0
633 383 564 421 659 0
634 948 297 964 338 0
634 228 358 247 407 0
634 381 563 416 658 0
635 947 298 963 338 0
635 228 358 247 408 0
635 379 562 413 658 0
636 946 298 962 337 0
636 228 358 247 409 0
636 378 563 411 657 0
637 947 297 963 335 0
637 228 358 247 410 0
637 374 566 410 657 0
638 228 357 247 410 0
638 373 565 408 657 0
639 228 357 247 410 0
639 371 561 405 657 0
640 368 559 401 656 0
641 365 557 398 652 0
642 361 556 396 649 0
643 359 557 394 647 0
644 355 556 392 646 0
645 352 555 391 645 0
646 348 554 387 643 0
647 346 552 384 642 0
648 344 551 381 640 0
649 341 550 377 636 0
650 341 549 375 635 0
651 917 292 934 335 0
651 341 548 374 635 0
652 340 547 373 635 0
653 339 547 370 635 0
654 906 297 921 336 0
654 913 295 929 337 0
654 336 541 367 633 0
655 909 297 924 338 0
655 333 539 364 630 0
656 909 297 925 337 0
656 330 537 362 626 0
657 908 297 924 336 0
657 328 536 360 622 0
658 907 297 923 336 0
658 325 536 359 621 0
659 905 298 921 336 0
659 323 537 358 621 0
660 903 298 919 337 0
660 320 536 356 621 0
661 901 298 916 337 0
661 317 536 353 620 0
662 899 298 914 336 0
662 314 535 350 619 0
663 898 298 912 336 0
663 313 534 347 618 0
664 897 297 911 336 0
664 310 534 343 615 0
665 896 298 910 336 0
665 309 535 342 616 0
666 307 534 340 616 0
667 306 533 338 616 0
668 304 531 335 615 0
669 301 530 333 614 0
670 298 527 331 613 0
671 296 526 328 611 0
672 294 524 326 609 0
673 880 298 897 339 0
673 292 524 323 606 0
674 879 298 896 340 0
674 32 347 52 381 0
674 290 524 322 606 0
675 875 297 891 340 0
675 32 347 52 382 0
675 287 524 320 605 0
676 12 347 25 380 0
676 32 346 52 382 0
676 276 363 300 414 0
676 285 524 318 604 0
677 12 348 27 380 0
677 33 346 52 381 0
677 276 364 304 414 0
677 282 522 316 603 0
678 13 348 28 380 0
678 33 346 52 381 0
678 277 365 306 414 0
678 281 521 314 601 0
679 13 348 28 380 0
679 34 346 52 381 0
679 278 366 306 414 0
679 277 521 310 601 0
680 14 348 29 380 0
680 35 345 53 381 0
680 280 365 306 415 0
680 276 520 309 601 0
