1 962 315 982 356 0
1 824 352 845 396 0
1 106 381 127 427 0
1 129 379 150 426 0
1 322 435 347 487 0
1 812 507 848 573 0
1 774 533 812 602 0
1 17 599 53 677 0
2 610 281 622 315 0
2 769 287 786 324 0
2 29 344 44 371 0
2 975 319 991 361 0
2 833 357 850 404 0
2 116 385 132 436 0
2 136 381 152 434 0
2 326 432 348 494 0
2 816 504 849 588 0
2 777 529 815 618 0
2 18 592 54 702 0
3 612 280 624 313 0
3 28 344 43 370 0
3 975 319 991 361 0
3 833 358 850 405 0
3 112 385 129 437 0
3 137 380 155 434 0
3 324 433 346 495 0
3 812 500 842 589 0
3 157 525 190 610 0
3 779 530 817 622 0
3 10 607 40 716 0
4 566 267 580 296 0
4 611 279 624 314 0
4 975 319 991 361 0
4 28 348 41 377 0
4 833 358 850 405 0
4 109 386 126 438 0
4 139 381 155 435 0
4 322 435 344 496 0
4 810 499 838 590 0
4 152 529 188 617 0
4 784 530 822 625 0
4 7 610 37 718 0
5 567 267 579 295 0
5 608 273 621 308 0
5 975 319 991 361 0
5 1021 320 1036 368 0
5 28 349 41 377 0
5 833 357 850 405 0
5 140 382 156 435 0
5 321 436 343 497 0
5 794 499 830 590 0
5 150 533 186 617 0
5 787 528 826 628 0
5 808 524 840 626 0
5 4 612 31 719 0
6 567 266 580 294 0
6 610 279 624 315 0
6 762 286 780 326 0
6 975 319 991 361 0
6 1019 318 1036 366 0
6 28 349 40 378 0
6 833 357 850 405 0
6 141 384 157 436 0
6 320 437 341 498 0
6 790 527 827 627 0
6 813 531 843 626 0
7 567 266 579 293 0
7 760 287 778 325 0
7 975 319 991 361 0
7 1019 317 1037 365 0
7 833 357 850 405 0
7 142 384 157 436 0
7 320 437 340 498 0
7 786 496 817 585 0
7 792 528 827 625 0
7 816 537 846 626 0
8 567 266 579 293 0
8 759 288 776 324 0
8 974 319 992 361 0
8 1020 318 1038 364 0
8 833 357 850 404 0
8 143 384 158 436 0
8 319 438 340 499 0
8 781 493 809 579 0
8 796 529 826 622 0
8 819 540 851 626 0
9 567 266 579 293 0
9 757 288 775 324 0
9 974 318 992 360 0
9 1022 318 1039 365 0
9 833 356 850 404 0
9 144 385 159 436 0
9 316 438 337 502 0
9 777 490 805 575 0
9 816 549 853 637 0
10 567 265 579 294 0
10 755 287 774 324 0
10 974 318 992 360 0
10 1022 320 1039 367 0
10 833 356 850 405 0
10 145 386 160 437 0
10 314 440 336 504 0
10 768 493 799 573 0
10 816 551 858 639 0
10 3 692 36 719 0
11 567 265 580 294 0
11 753 285 772 324 0
11 974 318 992 360 0
11 832 356 849 406 0
11 147 387 162 438 0
11 313 442 335 506 0
11 765 492 797 572 0
11 818 551 863 640 0
11 841 549 873 637 0
11 1 698 35 719 0
12 567 265 580 294 0
12 751 284 770 322 0
12 975 318 991 360 0
12 831 356 849 406 0
12 148 388 164 438 0
12 310 441 334 506 0
12 760 490 792 570 0
12 843 543 876 628 0
12 822 551 866 640 0
12 0 703 34 719 0
13 567 265 580 294 0
13 749 282 767 321 0
13 975 318 991 361 0
13 831 355 849 406 0
13 150 388 165 438 0
13 307 441 331 507 0
13 754 489 784 569 0
13 843 550 879 637 0
14 567 265 580 294 0
14 747 282 766 320 0
14 975 318 991 361 0
14 1020 319 1035 368 0
14 831 355 851 405 0
14 151 389 168 440 0
14 305 442 328 508 0
14 748 488 776 567 0
14 845 552 883 639 0
15 567 265 580 294 0
15 744 283 762 322 0
15 917 316 930 355 0
15 975 318 991 361 0
15 1018 318 1034 366 0
15 833 354 855 405 0
15 63 387 81 437 0
15 153 389 170 442 0
15 304 445 326 510 0
15 735 484 761 553 0
15 746 489 771 565 0
15 831 560 867 643 0
15 848 555 887 643 0
15 876 558 903 638 0
16 567 266 580 295 0
16 627 281 640 316 0
16 745 284 762 321 0
16 916 315 929 355 0
16 975 318 991 361 0
16 1015 316 1032 362 0
16 834 353 857 404 0
16 59 388 78 435 0
16 154 390 171 442 0
16 304 448 324 510 0
16 744 488 769 564 0
16 851 556 891 645 0
16 872 554 903 641 0
17 567 266 581 296 0
17 627 281 641 315 0
17 744 286 761 321 0
17 916 316 929 355 0
17 974 319 991 362 0
17 1014 316 1032 355 0
17 834 353 857 404 0
17 59 387 76 435 0
17 154 389 171 441 0
17 303 448 323 511 0
17 735 488 763 563 0
17 856 557 893 647 0
17 873 555 904 643 0
18 567 266 581 295 0
18 629 282 642 315 0
18 743 286 760 321 0
18 915 316 929 355 0
18 972 320 991 363 0
18 1014 315 1032 352 0
18 834 355 854 404 0
18 50 386 69 438 0
18 156 390 175 440 0
18 302 449 323 513 0
18 732 482 759 562 0
18 859 557 898 652 0
19 567 266 581 295 0
19 630 282 643 315 0
19 741 284 757 321 0
19 914 317 929 356 0
19 968 322 988 363 0
19 1017 316 1034 354 0
19 834 358 851 405 0
19 47 385 66 438 0
19 157 390 176 439 0
19 300 449 322 516 0
19 726 481 755 561 0
19 874 559 912 651 0
20 567 266 581 296 0
20 632 283 645 317 0
20 739 282 755 319 0
20 1019 317 1036 358 0
20 833 358 850 406 0
20 42 385 62 438 0
20 158 391 176 438 0
20 298 452 320 518 0
20 722 482 752 559 0
20 875 562 919 655 0
21 567 267 581 296 0
21 633 283 646 318 0
21 736 282 752 318 0
21 968 320 987 358 0
21 1018 317 1036 360 0
21 833 357 849 406 0
21 38 386 60 438 0
21 160 391 177 438 0
21 295 452 318 519 0
21 718 481 750 559 0
21 879 564 926 655 0
22 567 268 581 297 0
22 634 283 647 318 0
22 734 282 749 318 0
22 972 319 991 358 0
22 984 317 1005 359 0
22 1015 316 1035 358 0
22 833 355 852 405 0
22 34 388 57 438 0
22 161 391 179 439 0
22 293 453 316 518 0
22 715 479 746 557 0
22 884 566 930 656 0
23 567 268 581 297 0
23 635 283 648 317 0
23 733 281 748 318 0
23 973 318 993 358 0
23 1016 315 1035 359 0
23 834 355 854 404 0
23 29 389 53 438 0
23 163 391 180 440 0
23 291 453 314 520 0
23 713 476 741 555 0
23 888 568 933 656 0
24 568 267 581 297 0
24 636 284 650 319 0
24 731 280 746 318 0
24 971 320 993 360 0
24 1018 317 1036 363 0
24 834 355 858 403 0
24 164 392 182 441 0
24 290 453 313 522 0
24 705 478 731 553 0
24 891 569 935 659 0
25 568 267 581 297 0
25 972 320 992 360 0
25 1021 319 1037 367 0
25 833 357 858 405 0
25 164 392 183 442 0
25 289 454 311 524 0
25 701 477 728 554 0
25 713 472 737 546 0
25 906 568 948 661 0
26 568 267 581 297 0
26 974 319 991 362 0
26 830 356 857 403 0
26 164 393 184 444 0
26 289 459 311 527 0
26 696 476 724 552 0
26 894 574 933 655 0
26 910 569 954 666 0
27 568 267 581 298 0
27 975 319 991 361 0
27 831 355 855 404 0
27 165 394 185 445 0
27 288 459 310 527 0
27 691 476 719 550 0
27 917 571 959 667 0
28 568 268 581 298 0
28 975 319 990 361 0
28 833 356 853 403 0
28 166 395 186 446 0
28 286 461 309 528 0
28 687 474 715 548 0
28 936 569 970 664 0
28 919 579 959 675 0
29 568 269 582 299 0
29 918 315 931 355 0
29 976 318 990 361 0
29 834 356 852 404 0
29 167 395 187 447 0
29 285 463 308 530 0
29 684 473 710 547 0
29 922 581 965 679 0
30 568 269 582 299 0
30 917 315 930 355 0
30 976 318 990 361 0
30 834 356 851 404 0
30 168 396 189 449 0
30 280 467 303 533 0
30 680 472 706 546 0
30 937 575 979 680 0
31 568 268 582 299 0
31 916 315 930 355 0
31 976 319 990 361 0
31 835 356 852 404 0
31 169 396 190 449 0
31 278 469 301 534 0
31 677 471 705 545 0
31 940 579 985 683 0
32 569 269 582 299 0
32 916 315 930 355 0
32 976 319 990 361 0
32 836 357 852 404 0
32 170 396 191 450 0
32 276 469 300 533 0
32 670 471 701 544 0
32 943 581 991 691 0
33 569 269 583 300 0
33 916 315 930 355 0
33 976 319 990 361 0
33 835 356 851 404 0
33 172 396 192 450 0
33 273 470 297 535 0
33 666 469 696 543 0
33 680 470 706 539 0
33 949 582 995 693 0
34 569 269 583 300 0
34 976 319 990 361 0
34 833 356 850 404 0
34 173 396 193 451 0
34 271 471 295 538 0
34 661 467 689 541 0
34 954 583 1000 697 0
35 570 269 583 300 0
35 976 319 990 361 0
35 833 356 849 404 0
35 174 396 194 451 0
35 269 472 292 541 0
35 657 466 682 538 0
35 970 586 1014 691 0
36 570 269 583 300 0
36 976 319 991 361 0
36 833 356 849 405 0
36 175 396 196 451 0
36 267 473 290 542 0
36 654 467 679 537 0
36 972 591 1021 699 0
37 570 268 584 300 0
37 775 302 787 339 0
37 976 319 991 362 0
37 832 356 849 405 0
37 177 396 198 451 0
37 265 475 288 543 0
37 638 471 665 535 0
37 650 466 676 536 0
37 977 594 1026 700 0
38 570 268 584 299 0
38 775 302 788 339 0
38 975 319 991 362 0
38 832 356 849 405 0
38 179 399 199 456 0
38 263 476 285 545 0
38 647 463 671 535 0
38 985 596 1030 700 0
39 570 268 583 300 0
39 774 302 787 339 0
39 975 318 991 362 0
39 1017 318 1034 366 0
39 832 357 849 405 0
39 180 398 200 457 0
39 259 478 283 547 0
39 639 461 664 533 0
39 990 598 1035 699 0
40 570 269 583 300 0
40 772 301 787 338 0
40 975 318 991 362 0
40 1016 317 1035 363 0
40 832 357 849 405 0
40 181 398 201 458 0
40 256 479 281 549 0
40 636 459 660 532 0
40 649 459 669 534 0
40 1001 596 1051 702 0
41 570 268 584 299 0
41 771 300 786 338 0
41 974 318 991 362 0
41 1016 317 1036 362 0
41 832 357 849 405 0
41 181 398 203 460 0
41 254 479 278 550 0
41 632 460 658 531 0
41 1003 602 1056 716 0
42 660 284 673 321 0
42 770 300 785 338 0
42 973 318 992 363 0
42 832 357 849 405 0
42 182 399 204 460 0
42 248 481 271 549 0
42 628 461 656 531 0
42 1009 601 1063 718 0
43 661 283 675 323 0
43 770 300 785 338 0
43 972 319 992 361 0
43 833 357 849 405 0
43 182 400 205 460 0
43 247 483 270 551 0
43 624 460 652 530 0
43 1015 603 1067 719 0
44 662 283 676 325 0
44 769 300 784 337 0
44 833 357 849 405 0
44 183 400 205 461 0
44 245 484 267 554 0
44 621 458 646 531 0
44 1025 599 1086 719 0
45 570 268 588 299 0
45 662 284 677 325 0
45 768 298 783 338 0
45 833 356 849 406 0
45 183 400 205 461 0
45 242 485 265 556 0
45 619 460 640 530 0
45 1031 602 1090 719 0
46 571 268 586 299 0
46 663 284 677 324 0
46 973 321 990 364 0
46 1023 321 1037 369 0
46 832 357 850 407 0
46 183 401 205 462 0
46 240 486 263 557 0
46 1038 607 1096 719 0
47 570 269 586 300 0
47 664 284 678 323 0
47 974 319 991 364 0
47 833 356 851 407 0
47 183 402 205 462 0
47 237 492 261 559 0
47 1044 610 1099 719 0
48 571 269 585 301 0
48 665 283 679 322 0
48 975 319 990 363 0
48 833 356 853 407 0
48 184 403 205 463 0
48 234 493 259 561 0
48 1048 615 1102 719 0
49 571 270 585 302 0
49 667 283 680 322 0
49 974 319 990 362 0
49 835 356 854 405 0
49 185 403 205 462 0
49 231 493 257 563 0
49 1055 632 1099 706 0
50 571 270 585 302 0
50 668 284 681 322 0
50 974 318 990 362 0
50 836 357 854 404 0
50 187 403 209 466 0
50 229 494 256 566 0
51 571 271 586 302 0
51 670 284 682 322 0
51 974 318 990 362 0
51 1020 320 1035 368 0
51 838 358 856 404 0
51 187 404 209 467 0
51 227 495 254 566 0
52 572 271 586 303 0
52 974 319 990 362 0
52 1020 320 1035 368 0
52 840 356 858 405 0
52 850 351 864 399 0
52 188 405 209 468 0
52 224 496 251 566 0
53 572 271 586 303 0
53 974 319 990 362 0
53 1020 320 1035 368 0
53 842 355 860 406 0
53 188 406 210 469 0
53 222 497 248 567 0
54 572 271 586 303 0
54 974 319 989 362 0
54 1020 320 1035 368 0
54 847 353 863 405 0
54 189 408 211 470 0
54 219 498 246 571 0
55 572 271 586 303 0
55 974 319 989 362 0
55 848 349 865 401 0
55 190 409 212 471 0
55 216 499 239 574 0
56 572 271 586 304 0
56 974 318 989 363 0
56 850 348 867 397 0
56 190 409 213 471 0
56 215 502 237 576 0
57 572 272 587 304 0
57 973 319 988 362 0
57 190 408 213 473 0
57 213 504 236 578 0
58 573 273 587 304 0
58 971 320 988 362 0
58 857 348 871 391 0
58 191 407 214 475 0
58 211 506 235 579 0
59 573 272 587 303 0
59 969 320 987 362 0
59 859 348 874 391 0
59 192 406 215 476 0
59 207 508 233 580 0
60 574 272 587 303 0
60 754 297 767 337 0
60 967 320 986 362 0
60 1009 319 1024 363 0
60 860 349 876 393 0
60 193 407 216 476 0
60 203 511 231 583 0
61 574 271 588 303 0
61 753 298 767 337 0
61 966 321 984 362 0
61 1009 317 1024 362 0
61 861 350 879 396 0
61 194 409 217 475 0
61 199 511 228 585 0
62 574 271 588 302 0
62 751 300 766 338 0
62 964 321 982 362 0
62 1008 318 1024 362 0
62 1023 322 1039 369 0
62 863 350 880 398 0
62 195 411 218 475 0
62 196 511 225 586 0
63 574 271 589 302 0
63 750 301 765 340 0
63 962 320 979 362 0
63 1007 319 1023 362 0
63 1026 324 1042 370 0
63 865 349 881 397 0
63 195 412 218 476 0
63 192 511 220 586 0
64 574 272 589 303 0
64 744 301 759 338 0
64 751 299 766 339 0
64 960 319 977 362 0
64 1006 319 1022 363 0
64 1027 324 1045 372 0
64 866 348 881 394 0
64 196 413 218 477 0
64 189 513 217 588 0
65 575 272 590 304 0
65 744 303 759 340 0
65 958 319 977 362 0
65 1004 319 1021 362 0
65 1027 325 1046 373 0
65 197 413 218 478 0
65 542 443 566 506 0
65 187 514 215 590 0
66 742 303 758 341 0
66 956 318 976 362 0
66 1001 319 1018 363 0
66 1026 326 1044 374 0
66 197 413 219 478 0
66 541 442 566 504 0
66 179 522 208 598 0
67 576 273 591 306 0
67 740 303 757 342 0
67 953 318 973 362 0
67 998 320 1016 365 0
67 1024 326 1042 374 0
67 198 413 220 479 0
67 540 442 565 505 0
67 178 523 206 598 0
68 576 274 590 306 0
68 737 304 754 341 0
68 951 320 968 363 0
68 997 321 1014 365 0
68 1022 327 1039 374 0
68 891 347 904 393 0
68 198 414 221 481 0
68 538 442 564 505 0
68 174 524 203 598 0
69 576 274 590 304 0
69 734 300 750 340 0
69 948 321 963 363 0
69 995 321 1012 366 0
69 1021 328 1037 375 0
69 891 346 905 392 0
69 199 416 223 482 0
69 536 442 562 504 0
69 169 525 200 599 0
70 576 273 589 304 0
70 677 293 693 336 0
70 946 321 961 364 0
70 993 320 1009 366 0
70 1019 328 1036 377 0
70 893 345 908 392 0
70 201 419 224 484 0
70 533 440 558 503 0
70 164 526 197 602 0
71 577 274 590 305 0
71 677 296 693 339 0
71 942 320 957 365 0
71 990 321 1006 368 0
71 1017 328 1035 377 0
71 896 345 912 392 0
71 204 421 225 484 0
71 530 438 554 501 0
71 160 528 193 604 0
72 577 274 590 306 0
72 677 297 693 339 0
72 726 302 743 344 0
72 939 322 956 366 0
72 987 323 1004 368 0
72 1015 329 1033 376 0
72 900 344 917 391 0
72 205 421 226 484 0
72 528 436 551 500 0
72 155 530 188 605 0
73 577 273 590 305 0
73 676 296 693 339 0
73 723 305 741 344 0
73 936 323 952 366 0
73 986 323 1003 367 0
73 1012 330 1030 375 0
73 904 345 921 391 0
73 207 421 227 484 0
73 527 436 548 498 0
73 153 530 183 605 0
74 577 273 589 305 0
74 673 290 690 334 0
74 722 304 738 343 0
74 933 323 948 366 0
74 986 324 1004 367 0
74 1011 331 1028 376 0
74 907 345 924 391 0
74 917 342 932 387 0
74 208 423 228 485 0
74 526 435 547 497 0
74 142 530 173 607 0
75 576 274 589 305 0
75 671 285 686 330 0
75 930 323 945 366 0
75 990 324 1008 369 0
75 1010 331 1027 378 0
75 909 347 925 392 0
75 210 425 229 485 0
75 524 435 544 495 0
75 136 529 170 610 0
76 576 275 589 306 0
76 669 285 684 330 0
76 925 325 942 370 0
76 974 320 989 366 0
76 993 327 1011 372 0
76 1012 330 1028 378 0
76 908 347 924 391 0
76 915 343 932 389 0
76 1002 339 1019 384 0
76 212 426 231 486 0
76 522 433 543 493 0
76 131 528 167 612 0
77 575 276 588 307 0
77 668 288 684 332 0
77 703 297 717 338 0
77 921 327 941 375 0
77 972 322 990 370 0
77 916 339 936 389 0
77 1001 338 1018 384 0
77 213 426 232 487 0
77 521 432 542 492 0
78 574 276 587 307 0
78 666 290 684 334 0
78 708 302 723 341 0
78 918 329 940 377 0
78 969 325 988 371 0
78 996 330 1014 376 0
78 214 425 234 488 0
78 521 432 542 492 0
79 572 276 585 308 0
79 664 289 682 334 0
79 710 305 724 343 0
79 866 314 878 359 0
79 915 327 935 374 0
79 965 327 986 372 0
79 994 331 1012 376 0
79 922 338 941 388 0
79 216 427 236 493 0
79 521 432 541 492 0
80 571 276 584 308 0
80 662 289 678 334 0
80 708 304 722 343 0
80 864 317 877 359 0
80 908 325 924 366 0
80 915 327 933 371 0
80 963 328 982 371 0
80 992 332 1009 378 0
80 929 340 945 387 0
80 217 427 238 494 0
80 520 432 540 491 0
81 570 276 582 308 0
81 661 288 676 333 0
81 706 304 720 343 0
81 861 318 877 362 0
81 909 326 925 368 0
81 922 328 938 372 0
81 961 328 979 372 0
81 1059 319 1073 368 0
81 935 340 950 386 0
81 990 339 1007 384 0
81 518 423 538 487 0
81 218 427 239 494 0
82 568 276 581 308 0
82 659 286 674 333 0
82 704 305 719 344 0
82 857 318 875 363 0
82 907 326 924 369 0
82 958 329 975 372 0
82 1037 319 1051 364 0
82 1061 320 1075 368 0
82 940 342 956 388 0
82 952 341 969 384 0
82 988 339 1006 384 0
82 517 423 538 487 0
82 220 429 242 495 0
83 567 276 579 308 0
83 657 285 673 332 0
83 702 306 718 344 0
83 856 316 871 361 0
83 904 327 922 370 0
83 956 330 975 372 0
83 1036 319 1052 365 0
83 1065 320 1080 368 0
83 938 345 956 390 0
83 948 341 968 385 0
83 984 338 1003 383 0
83 517 423 538 486 0
83 221 429 243 494 0
84 566 277 579 308 0
84 656 287 670 333 0
84 700 306 715 344 0
84 855 315 868 361 0
84 901 326 918 370 0
84 954 330 974 373 0
84 1035 320 1052 365 0
84 1063 320 1079 367 0
84 948 342 969 387 0
84 981 338 1000 384 0
84 516 423 538 487 0
84 222 429 244 495 0
85 565 277 578 309 0
85 654 290 668 334 0
85 697 306 711 345 0
85 841 317 857 362 0
85 852 316 865 362 0
85 898 325 914 369 0
85 1033 322 1051 367 0
85 1062 321 1078 366 0
85 951 341 974 387 0
85 978 337 998 384 0
85 516 423 537 486 0
85 224 430 245 497 0
86 564 277 577 309 0
86 653 289 667 333 0
86 693 309 708 347 0
86 842 318 858 363 0
86 850 317 864 363 0
86 895 325 910 368 0
86 1031 322 1048 367 0
86 1060 321 1076 366 0
86 956 339 980 387 0
86 977 337 997 385 0
86 516 421 537 484 0
86 225 431 247 500 0
87 563 277 576 309 0
87 647 287 662 334 0
87 690 309 706 347 0
87 842 318 858 364 0
87 852 319 867 363 0
87 891 325 907 368 0
87 939 324 955 370 0
87 978 328 996 380 0
87 1030 322 1045 369 0
87 962 338 986 386 0
87 517 420 537 481 0
87 226 433 248 502 0
88 561 279 574 311 0
88 644 288 661 335 0
88 653 285 669 330 0
88 688 309 704 347 0
88 838 318 854 365 0
88 888 326 905 369 0
88 938 326 955 373 0
88 1029 321 1043 370 0
88 967 337 988 386 0
88 517 419 536 480 0
88 227 434 250 504 0
89 560 279 573 311 0
89 641 292 658 336 0
89 687 305 702 345 0
89 834 317 850 366 0
89 887 324 902 367 0
89 938 330 955 376 0
89 1028 322 1042 371 0
89 968 339 989 386 0
89 979 340 996 389 0
89 518 418 536 480 0
89 228 434 251 504 0
90 559 280 571 311 0
90 639 296 654 337 0
90 685 305 699 344 0
90 830 317 847 366 0
90 936 331 954 375 0
90 1025 322 1041 370 0
90 967 340 987 385 0
90 978 341 996 387 0
90 518 417 536 480 0
90 229 434 253 505 0
91 557 280 569 311 0
91 636 298 650 337 0
91 672 298 686 337 0
91 683 305 698 343 0
91 676 310 692 349 0
91 827 317 847 367 0
91 935 331 952 375 0
91 1022 322 1038 368 0
91 1049 320 1062 367 0
91 962 341 982 385 0
91 978 341 996 386 0
91 519 416 537 479 0
91 231 436 255 506 0
92 555 280 567 312 0
92 634 299 648 338 0
92 684 304 699 342 0
92 678 309 694 346 0
92 825 319 844 367 0
92 933 331 949 375 0
92 1021 323 1036 367 0
92 1046 321 1059 367 0
92 956 339 974 385 0
92 981 341 999 385 0
92 520 415 538 477 0
92 233 438 258 507 0
93 553 280 566 313 0
93 631 300 645 339 0
93 676 310 693 346 0
93 823 320 839 367 0
93 867 325 880 368 0
93 1020 322 1036 367 0
93 929 339 947 388 0
93 951 339 969 385 0
93 985 341 1003 385 0
93 521 414 539 476 0
93 235 440 260 508 0
94 553 281 565 314 0
94 628 301 643 340 0
94 674 310 690 346 0
94 820 321 835 367 0
94 867 328 881 372 0
94 1022 322 1038 369 0
94 927 340 945 388 0
94 949 339 968 385 0
94 988 342 1008 385 0
94 522 413 540 476 0
94 237 440 261 508 0
95 636 271 648 303 0
95 550 281 561 315 0
95 626 301 641 341 0
95 672 309 687 347 0
95 816 321 833 367 0
95 866 332 881 375 0
95 1025 321 1041 370 0
95 923 341 943 387 0
95 946 339 966 384 0
95 993 342 1013 387 0
95 522 414 540 476 0
95 239 441 262 510 0
96 635 271 647 302 0
96 549 281 559 316 0
96 624 302 639 342 0
96 671 308 685 348 0
96 813 322 832 368 0
96 863 333 880 376 0
96 1027 321 1043 371 0
96 927 341 945 387 0
96 945 339 964 385 0
96 999 342 1019 388 0
96 522 413 540 475 0
96 240 442 264 511 0
97 546 281 557 316 0
97 623 302 638 342 0
97 669 309 684 348 0
97 809 323 827 369 0
97 860 334 878 376 0
97 1025 323 1042 371 0
97 930 341 947 385 0
97 946 341 963 385 0
97 1003 342 1023 388 0
97 1013 339 1030 386 0
97 523 412 540 474 0
97 242 443 266 512 0
97 9 573 33 656 0
98 632 271 644 302 0
98 544 280 556 317 0
98 611 301 627 337 0
98 621 301 636 339 0
98 667 310 682 348 0
98 807 322 825 368 0
98 819 323 837 365 0
98 857 334 875 376 0
98 925 336 941 377 0
98 1003 330 1022 377 0
98 1022 326 1040 373 0
98 934 341 949 385 0
98 1012 340 1030 386 0
98 524 411 541 472 0
98 244 444 268 512 0
98 7 574 36 661 0
99 630 271 643 304 0
99 541 282 555 317 0
99 612 303 628 340 0
99 620 295 635 333 0
99 663 309 679 348 0
99 803 322 822 368 0
99 854 333 872 376 0
99 1001 327 1019 375 0
99 1021 326 1037 375 0
99 908 341 922 383 0
99 931 341 946 385 0
99 1016 339 1032 386 0
99 525 410 543 472 0
99 246 444 270 513 0
99 3 578 32 662 0
100 628 272 642 306 0
100 540 282 554 318 0
100 612 304 628 344 0
100 621 288 635 326 0
100 660 300 675 343 0
100 799 320 820 369 0
100 851 332 869 376 0
100 998 326 1015 374 0
100 1021 327 1037 378 0
100 907 341 921 382 0
100 528 410 544 471 0
100 248 445 271 513 0
100 2 578 28 661 0
100 2 636 24 719 0
101 626 272 641 307 0
101 538 282 550 317 0
101 610 303 625 344 0
101 658 299 671 343 0
101 796 317 817 368 0
101 849 333 867 377 0
101 996 327 1013 374 0
101 1023 328 1038 379 0
101 905 342 920 382 0
101 531 411 546 470 0
101 251 445 277 516 0
101 1 581 22 656 0
101 2 642 32 719 0
102 625 273 640 306 0
102 537 282 547 316 0
102 607 303 623 344 0
102 657 300 670 342 0
102 847 334 865 379 0
102 920 335 936 377 0
102 995 329 1012 374 0
102 1022 330 1039 379 0
102 903 342 919 383 0
102 1028 338 1043 385 0
102 534 411 547 470 0
102 252 447 278 520 0
102 1 578 14 658 0
102 2 643 31 719 0
103 624 273 638 306 0
103 534 282 544 316 0
103 604 304 620 344 0
103 655 311 670 350 0
103 841 333 860 379 0
103 992 329 1009 374 0
103 1021 329 1037 377 0
103 900 342 917 384 0
103 920 339 938 385 0
103 1031 339 1045 386 0
103 253 449 280 522 0
103 3 639 32 719 0
104 623 273 636 305 0
104 531 283 543 317 0
104 601 305 618 343 0
104 653 311 668 350 0
104 788 321 805 367 0
104 839 332 857 379 0
104 851 330 867 376 0
104 916 333 936 381 0
104 992 328 1008 372 0
104 1017 328 1032 374 0
104 897 342 914 386 0
104 1034 341 1047 386 0
104 256 450 282 522 0
105 622 273 635 305 0
105 528 284 542 317 0
105 599 305 614 343 0
105 645 312 659 349 0
105 653 312 667 350 0
105 784 323 803 368 0
105 835 332 854 379 0
105 914 332 936 382 0
105 990 328 1007 373 0
105 1014 327 1028 374 0
105 894 341 912 387 0
105 1049 344 1065 388 0
105 536 410 550 467 0
105 258 450 284 522 0
105 5 637 42 714 0
106 622 272 634 305 0
106 526 283 539 318 0
106 597 305 612 342 0
106 645 311 659 347 0
106 654 313 668 352 0
106 782 324 801 370 0
106 832 333 851 380 0
106 913 331 934 383 0
106 991 329 1008 373 0
106 894 339 912 389 0
106 1048 343 1069 387 0
106 536 409 550 464 0
106 261 451 285 523 0
106 16 635 58 716 0
107 622 271 634 304 0
107 523 283 537 317 0
107 594 305 611 342 0
107 642 312 656 347 0
107 781 323 799 370 0
107 829 334 848 380 0
107 899 336 917 391 0
107 912 332 932 391 0
107 1050 343 1075 388 0
107 262 452 286 523 0
107 9 633 37 713 0
107 20 629 60 714 0
108 521 284 536 318 0
108 593 309 611 347 0
108 640 313 655 348 0
108 776 321 793 370 0
108 783 323 801 369 0
108 973 328 990 374 0
108 989 330 1007 375 0
108 826 338 845 384 0
108 911 333 930 391 0
108 1054 345 1078 388 0
108 264 452 287 525 0
108 23 624 62 712 0
109 519 284 536 319 0
109 590 306 607 342 0
109 637 314 653 349 0
109 772 322 792 370 0
109 974 330 990 376 0
109 990 331 1007 375 0
109 822 338 841 384 0
109 907 334 925 391 0
109 1058 345 1081 387 0
109 265 452 289 525 0
109 27 620 68 711 0
110 518 285 535 320 0
110 588 305 604 342 0
110 635 313 650 349 0
110 769 324 789 370 0
110 972 331 989 378 0
110 991 330 1007 375 0
110 817 337 837 385 0
110 906 334 923 391 0
110 1062 343 1085 386 0
110 267 459 291 527 0
110 33 619 73 707 0
111 514 287 530 323 0
111 579 304 595 341 0
111 586 310 602 347 0
111 632 313 647 350 0
111 767 323 784 370 0
111 804 332 823 376 0
111 906 332 922 382 0
111 970 332 987 380 0
111 990 330 1006 377 0
111 1078 330 1097 378 0
111 814 337 834 385 0
111 1066 343 1087 385 0
111 269 460 293 528 0
111 38 621 75 704 0
111 52 630 94 705 0
112 512 286 527 322 0
112 589 302 603 338 0
112 579 309 596 348 0
112 629 313 645 350 0
112 765 323 780 370 0
112 807 334 825 378 0
112 967 333 985 380 0
112 988 331 1003 377 0
112 1067 330 1085 375 0
112 1080 329 1098 378 0
112 815 338 833 386 0
112 868 344 881 388 0
112 904 335 921 390 0
112 271 461 297 529 0
112 37 625 71 701 0
112 56 625 96 700 0
113 510 286 524 322 0
113 578 309 595 347 0
113 626 314 643 350 0
113 762 323 776 370 0
113 805 335 822 380 0
113 966 334 983 381 0
113 985 332 1001 378 0
113 1085 328 1103 377 0
113 819 341 835 388 0
113 867 342 880 387 0
113 274 462 300 531 0
113 58 613 92 689 0
114 507 287 522 323 0
114 576 309 592 347 0
114 624 315 641 351 0
114 759 323 775 370 0
114 800 335 817 381 0
114 965 333 981 379 0
114 982 333 998 379 0
114 864 343 879 387 0
114 276 461 303 531 0
114 62 614 97 685 0
115 505 289 520 324 0
115 573 310 590 348 0
115 622 315 639 352 0
115 756 324 772 370 0
115 964 333 980 379 0
115 979 333 995 379 0
115 796 337 814 384 0
115 860 344 876 388 0
115 278 461 305 531 0
115 66 610 101 684 0
116 502 289 518 323 0
116 571 311 587 349 0
116 620 315 636 352 0
116 752 325 769 371 0
116 963 333 980 378 0
116 978 331 994 378 0
116 792 337 811 384 0
116 857 346 874 390 0
116 279 460 306 531 0
116 22 591 59 677 0
116 70 604 108 680 0
117 500 288 515 323 0
117 567 313 585 349 0
117 611 317 627 354 0
117 618 315 634 353 0
117 750 326 766 371 0
117 962 333 980 378 0
117 978 329 993 377 0
117 789 338 808 383 0
117 854 347 871 391 0
117 553 393 573 443 0
117 284 462 310 534 0
117 25 583 60 677 0
118 497 288 512 323 0
118 564 313 583 350 0
118 611 316 628 353 0
118 752 327 768 372 0
118 960 333 977 378 0
118 784 338 803 383 0
118 851 347 868 391 0
118 551 392 571 445 0
118 285 463 309 537 0
118 29 579 62 678 0
119 494 289 511 323 0
119 562 313 580 350 0
119 610 314 627 352 0
119 620 315 636 353 0
119 743 327 761 372 0
119 761 330 777 375 0
119 771 338 787 384 0
119 783 339 800 383 0
119 849 348 865 392 0
119 955 338 971 385 0
119 553 392 571 443 0
119 287 465 310 539 0
119 33 572 67 681 0
120 491 290 509 323 0
120 559 312 577 349 0
120 607 313 624 351 0
120 740 328 759 371 0
120 769 333 786 378 0
120 889 333 901 377 0
120 776 338 792 383 0
120 783 339 799 384 0
120 848 345 864 392 0
120 958 337 972 385 0
120 554 392 573 442 0
120 289 467 311 540 0
120 35 565 74 671 0
121 489 290 506 324 0
121 558 312 575 350 0
121 605 313 620 351 0
121 738 327 754 371 0
121 888 334 900 377 0
121 942 331 956 377 0
121 956 333 971 380 0
121 774 338 790 383 0
121 841 347 859 394 0
121 855 342 869 391 0
121 555 392 574 441 0
121 290 467 313 541 0
122 487 289 503 323 0
122 556 313 573 351 0
122 603 313 619 350 0
122 736 328 751 371 0
122 889 332 901 377 0
122 941 333 956 378 0
122 956 333 971 380 0
122 771 338 788 383 0
122 838 348 858 394 0
122 862 342 875 391 0
122 556 391 576 441 0
122 292 469 316 543 0
123 486 289 501 323 0
123 554 315 571 352 0
123 600 314 616 351 0
123 732 328 749 372 0
123 940 334 956 380 0
123 956 334 971 381 0
123 767 338 783 384 0
123 835 349 855 395 0
123 867 343 881 393 0
123 557 390 577 440 0
123 293 470 318 545 0
124 485 290 500 323 0
124 547 316 563 353 0
124 553 316 570 352 0
124 596 314 613 350 0
124 729 329 746 372 0
124 761 336 776 380 0
124 939 334 955 380 0
124 955 334 971 382 0
124 833 349 853 396 0
124 866 346 881 396 0
124 558 390 578 440 0
124 296 472 319 547 0
125 481 291 498 325 0
125 547 315 562 352 0
125 556 317 572 352 0
125 594 315 609 350 0
125 726 330 742 373 0
125 757 336 772 380 0
125 938 334 953 380 0
125 830 349 850 396 0
125 863 348 879 398 0
125 953 336 970 386 0
125 559 390 578 439 0
125 298 473 321 547 0
126 479 291 495 325 0
126 488 290 503 323 0
126 546 315 561 352 0
126 592 315 606 350 0
126 724 330 739 373 0
126 755 336 769 380 0
126 936 334 952 380 0
126 827 348 846 397 0
126 859 349 876 400 0
126 950 336 968 386 0
126 561 389 579 439 0
126 300 473 323 548 0
127 600 269 612 299 0
127 476 291 492 325 0
127 544 316 559 352 0
127 590 316 605 351 0
127 722 330 737 374 0
127 752 335 766 381 0
127 933 334 951 380 0
127 824 348 844 398 0
127 855 349 872 401 0
127 948 337 965 385 0
127 562 387 581 437 0
127 303 474 326 549 0
128 599 267 610 298 0
128 474 291 489 325 0
128 542 316 557 353 0
128 588 316 604 352 0
128 722 330 738 375 0
128 750 335 764 380 0
128 872 330 886 382 0
128 946 333 962 381 0
128 821 349 840 398 0
128 854 348 869 403 0
128 930 339 947 385 0
128 564 387 582 436 0
128 305 475 328 550 0
129 597 267 609 298 0
129 472 291 488 326 0
129 539 317 555 353 0
129 576 318 591 353 0
129 586 317 602 353 0
129 711 329 729 373 0
129 726 332 742 376 0
129 751 333 764 378 0
129 872 331 886 382 0
129 946 333 961 380 0
129 817 350 837 398 0
129 853 348 868 403 0
129 930 339 946 385 0
129 567 387 585 436 0
129 308 476 330 553 0
129 143 560 174 648 0
130 596 267 608 298 0
130 469 292 486 327 0
130 537 317 552 354 0
130 578 317 592 353 0
130 587 318 601 353 0
130 710 330 727 373 0
130 734 333 749 377 0
130 870 332 883 382 0
130 816 351 835 399 0
130 854 346 869 400 0
130 930 339 945 386 0
130 570 386 588 435 0
130 310 478 332 555 0
130 144 554 178 646 0
131 595 267 608 299 0
131 467 292 484 327 0
131 534 318 549 355 0
131 577 317 591 353 0
131 588 318 602 354 0
131 708 330 723 374 0
131 738 334 753 379 0
131 867 333 881 382 0
131 809 351 828 398 0
131 823 352 842 401 0
131 858 343 873 396 0
131 931 339 945 386 0
131 572 384 591 434 0
131 312 479 335 558 0
131 149 556 183 639 0
132 465 292 480 327 0
132 532 318 547 356 0
132 574 317 589 353 0
132 705 330 721 374 0
132 735 335 752 380 0
132 807 352 828 398 0
132 831 354 849 404 0
132 862 339 878 391 0
132 928 339 942 386 0
132 574 381 593 432 0
132 313 480 337 559 0
132 152 552 183 635 0
133 464 293 477 327 0
133 530 319 545 356 0
133 572 317 588 353 0
133 702 330 719 375 0
133 731 335 748 380 0
133 804 352 825 398 0
133 836 356 855 405 0
133 863 338 879 388 0
133 926 339 940 386 0
133 574 380 595 431 0
133 313 480 339 560 0
133 155 541 185 625 0
134 461 293 476 328 0
134 528 320 543 358 0
134 569 317 586 353 0
134 699 330 715 375 0
134 728 335 743 379 0
134 801 353 822 398 0
134 834 357 852 406 0
134 861 338 877 386 0
134 910 339 923 386 0
134 925 338 939 385 0
134 316 479 344 561 0
134 159 540 187 623 0
135 458 294 474 329 0
135 527 320 541 358 0
135 566 317 582 353 0
135 696 329 711 374 0
135 725 334 740 379 0
135 798 353 819 400 0
135 831 357 850 407 0
135 858 338 874 386 0
135 909 339 923 385 0
135 926 338 940 385 0
135 577 380 596 428 0
135 318 479 346 564 0
135 162 539 191 625 0
136 455 294 472 330 0
136 525 321 539 359 0
136 563 317 578 354 0
136 692 329 707 374 0
136 722 334 737 379 0
136 907 333 921 381 0
136 796 353 817 402 0
136 828 356 847 407 0
136 855 339 872 388 0
136 926 339 941 385 0
136 321 485 350 565 0
136 166 537 196 626 0
137 454 294 469 330 0
137 522 321 536 360 0
137 560 317 575 354 0
137 691 330 706 375 0
137 719 335 734 378 0
137 905 333 920 380 0
137 794 353 814 404 0
137 825 356 844 408 0
137 852 339 870 389 0
137 923 339 940 385 0
137 324 487 352 564 0
137 170 535 201 626 0
138 451 297 464 331 0
138 520 323 535 360 0
138 558 318 574 355 0
138 693 332 710 376 0
138 717 335 732 378 0
138 791 353 811 404 0
138 821 356 841 409 0
138 850 339 868 391 0
138 920 340 937 386 0
138 326 488 355 565 0
138 174 532 205 622 0
139 450 297 463 331 0
139 457 293 469 327 0
139 516 322 530 360 0
139 524 323 539 359 0
139 556 319 572 355 0
139 679 329 694 373 0
139 700 333 715 376 0
139 717 334 731 375 0
139 788 353 808 403 0
139 819 358 839 411 0
139 849 339 866 391 0
139 917 341 934 387 0
139 329 489 357 567 0
139 177 529 208 619 0
140 447 297 461 330 0
140 515 323 528 362 0
140 534 322 548 358 0
140 554 319 569 355 0
140 678 331 693 376 0
140 705 334 720 377 0
140 785 354 806 403 0
140 819 357 838 409 0
140 847 339 864 391 0
140 914 341 931 388 0
140 587 380 604 430 0
140 331 489 359 570 0
140 180 527 209 617 0
141 444 297 458 330 0
141 513 324 526 362 0
141 544 320 557 356 0
141 553 319 567 356 0
141 676 332 691 377 0
141 706 334 721 378 0
141 784 356 806 404 0
141 820 355 839 406 0
141 846 340 863 392 0
141 913 341 929 388 0
141 333 490 360 572 0
141 183 524 215 613 0
142 441 297 455 329 0
142 511 325 524 364 0
142 546 319 561 356 0
142 553 320 567 357 0
142 673 332 690 378 0
142 703 334 718 379 0
142 775 354 795 402 0
142 789 357 811 405 0
142 826 351 846 401 0
142 846 341 862 392 0
142 902 341 918 388 0
142 913 342 929 389 0
142 334 491 363 573 0
142 186 524 217 610 0
143 439 297 451 329 0
143 509 326 522 365 0
143 545 320 560 356 0
143 670 333 687 378 0
143 699 335 714 378 0
143 775 355 795 403 0
143 796 359 818 407 0
143 833 347 851 398 0
143 905 342 922 389 0
143 914 343 930 390 0
143 337 492 365 575 0
143 189 522 220 607 0
144 437 297 450 329 0
144 506 326 520 366 0
144 541 320 557 356 0
144 666 333 683 377 0
144 695 335 710 378 0
144 774 356 793 405 0
144 802 361 823 411 0
144 837 345 854 396 0
144 906 341 922 389 0
144 338 493 368 578 0
144 192 518 223 604 0
145 434 298 448 329 0
145 504 326 518 366 0
145 539 320 554 357 0
145 662 333 677 377 0
145 692 335 707 377 0
145 770 357 790 406 0
145 802 363 821 413 0
145 835 345 853 396 0
145 904 340 919 389 0
145 339 494 371 581 0
145 196 515 226 603 0
146 431 298 446 329 0
146 502 325 516 366 0
146 535 320 550 358 0
146 658 333 674 377 0
146 689 334 705 378 0
146 767 358 787 407 0
146 799 363 818 413 0
146 833 345 850 398 0
146 901 341 916 390 0
146 341 496 373 583 0
146 199 515 230 602 0
147 581 265 595 295 0
147 428 298 442 328 0
147 500 326 515 367 0
147 532 321 547 358 0
147 655 334 672 378 0
147 687 335 702 378 0
147 765 359 784 406 0
147 796 363 815 414 0
147 831 345 848 399 0
147 898 341 914 391 0
147 202 512 233 596 0
147 343 498 374 583 0
148 580 265 594 295 0
148 426 298 438 328 0
148 499 327 513 367 0
148 530 322 545 359 0
148 661 334 678 378 0
148 685 335 699 378 0
148 762 358 781 407 0
148 792 363 812 414 0
148 829 346 846 400 0
148 895 343 911 390 0
148 154 512 187 590 0
148 205 511 236 594 0
148 347 497 379 587 0
149 580 264 593 294 0
149 423 298 436 329 0
149 496 329 511 368 0
149 528 322 542 359 0
149 646 331 660 375 0
149 668 334 684 378 0
149 685 334 698 376 0
149 599 363 614 411 0
149 760 358 779 408 0
149 789 363 809 415 0
149 828 346 845 399 0
149 870 340 883 389 0
149 892 343 906 389 0
149 151 513 184 592 0
149 209 508 239 591 0
149 349 496 381 589 0
150 579 264 592 293 0
150 421 298 435 329 0
150 494 329 509 369 0
150 526 322 539 359 0
150 644 333 658 377 0
150 675 334 690 378 0
150 601 364 616 411 0
150 757 359 777 409 0
150 786 363 806 415 0
150 827 347 844 399 0
150 867 340 881 388 0
150 890 343 903 388 0
150 152 514 184 591 0
150 212 506 242 588 0
150 352 496 384 592 0
151 417 299 432 331 0
151 493 329 507 369 0
151 524 322 536 359 0
151 641 334 657 378 0
151 674 335 689 379 0
151 602 364 619 410 0
151 754 360 774 409 0
151 784 363 804 416 0
151 825 347 842 398 0
151 865 341 878 389 0
151 155 513 185 589 0
151 217 508 247 585 0
151 355 498 387 595 0
152 416 299 430 332 0
152 423 298 436 329 0
152 482 326 496 367 0
152 495 329 508 369 0
152 521 322 534 360 0
152 638 335 655 379 0
152 671 335 687 379 0
152 604 363 622 409 0
152 751 361 770 410 0
152 822 347 840 398 0
152 861 342 876 389 0
152 781 366 801 422 0
152 158 512 188 588 0
152 219 508 250 583 0
152 358 502 389 596 0
153 576 265 590 294 0
153 414 300 427 332 0
153 483 328 497 370 0
153 502 328 516 367 0
153 519 323 534 361 0
153 635 335 651 379 0
153 666 336 683 379 0
153 606 363 624 408 0
153 750 361 768 411 0
153 789 360 809 414 0
153 818 348 837 399 0
153 858 343 874 390 0
153 768 367 787 422 0
153 779 367 800 424 0
153 162 510 192 586 0
153 223 506 252 581 0
153 360 506 391 597 0
154 576 265 590 295 0
154 411 300 424 333 0
154 482 329 496 373 0
154 508 326 523 366 0
154 519 323 534 361 0
154 632 335 646 379 0
154 662 336 678 378 0
154 607 362 625 407 0
154 746 360 761 411 0
154 753 361 772 413 0
154 815 349 835 401 0
154 857 343 873 391 0
154 771 368 791 423 0
154 782 368 803 425 0
154 166 507 196 583 0
154 225 502 254 579 0
154 363 508 393 598 0
155 575 266 589 296 0
155 407 300 422 333 0
155 481 330 495 375 0
155 512 325 527 364 0
155 521 322 534 360 0
155 629 336 643 379 0
155 658 336 674 378 0
155 608 363 626 407 0
155 744 363 760 414 0
155 759 362 778 415 0
155 813 350 833 402 0
155 857 344 873 393 0
155 770 368 790 423 0
155 170 505 198 580 0
155 227 498 255 576 0
155 365 508 397 600 0
156 574 267 588 296 0
156 404 300 420 333 0
156 479 331 493 375 0
156 510 325 524 363 0
156 626 337 641 379 0
156 656 336 671 378 0
156 609 362 627 407 0
156 740 365 757 414 0
156 812 351 831 403 0
156 856 345 872 393 0
156 767 369 787 423 0
156 173 503 200 579 0
156 230 496 257 573 0
156 370 516 403 603 0
157 572 268 587 296 0
157 402 300 418 333 0
157 477 331 492 376 0
157 508 325 522 364 0
157 653 336 669 378 0
157 610 360 628 406 0
157 621 340 636 386 0
157 737 365 754 415 0
157 808 351 829 403 0
157 855 345 871 393 0
157 765 369 785 423 0
157 176 503 203 579 0
157 232 495 260 571 0
157 373 515 407 604 0
158 571 268 586 296 0
158 400 300 414 333 0
158 474 332 490 376 0
158 505 326 520 364 0
158 632 335 648 378 0
158 651 335 667 378 0
158 611 357 629 404 0
158 623 341 639 388 0
158 735 365 752 417 0
158 807 351 828 405 0
158 824 349 842 402 0
158 854 345 871 394 0
158 762 370 782 424 0
158 178 501 206 578 0
158 234 495 262 570 0
158 379 518 411 608 0
159 571 268 585 296 0
159 398 300 411 333 0
159 472 333 489 377 0
159 501 325 517 365 0
159 638 334 653 377 0
159 652 332 667 376 0
159 613 356 630 403 0
159 626 343 641 389 0
159 804 351 825 407 0
159 833 347 850 400 0
159 855 346 872 396 0
159 735 366 753 422 0
159 757 370 778 426 0
159 180 500 209 575 0
159 235 493 265 569 0
159 381 519 411 608 0
160 570 269 584 297 0
160 395 300 409 333 0
160 470 332 487 377 0
160 499 325 513 365 0
160 609 332 623 374 0
160 642 334 658 377 0
160 613 355 630 403 0
160 627 345 642 390 0
160 802 352 822 406 0
160 839 346 856 398 0
160 857 346 873 396 0
160 732 367 750 422 0
160 753 370 774 427 0
160 187 498 216 572 0
160 238 491 267 568 0
160 383 520 413 609 0
161 569 269 583 296 0
161 394 301 406 332 0
161 468 331 484 375 0
161 496 324 510 364 0
161 606 333 622 377 0
161 639 333 656 378 0
161 612 353 630 400 0
161 621 347 638 393 0
161 799 352 819 405 0
161 838 346 854 397 0
161 857 347 872 395 0
161 728 368 746 423 0
161 750 371 771 427 0
161 190 496 219 568 0
161 241 490 269 565 0
161 387 522 416 611 0
162 569 269 583 296 0
162 392 301 404 332 0
162 465 332 480 376 0
162 493 325 507 364 0
162 635 334 654 379 0
162 610 350 630 396 0
162 797 352 818 405 0
162 837 346 853 396 0
162 856 347 870 395 0
162 726 368 744 424 0
162 748 371 769 429 0
162 194 494 221 566 0
162 243 490 270 564 0
162 390 522 420 615 0
163 568 268 582 296 0
163 392 300 403 331 0
163 463 333 478 377 0
163 490 325 505 364 0
163 630 334 649 379 0
163 605 346 624 391 0
163 617 349 636 396 0
163 795 353 817 406 0
163 836 346 853 397 0
163 853 348 868 397 0
163 725 369 744 426 0
163 746 371 769 430 0
163 197 492 223 565 0
163 245 489 272 564 0
163 394 524 423 617 0
164 568 268 581 296 0
164 383 304 396 335 0
164 488 325 502 364 0
164 626 333 644 380 0
164 460 338 476 383 0
164 599 343 617 388 0
164 617 347 636 397 0
164 792 353 815 408 0
164 835 347 852 398 0
164 850 349 866 400 0
164 724 371 744 428 0
164 747 370 770 432 0
164 246 482 272 560 0
164 201 491 226 563 0
164 397 527 426 617 0
165 567 268 579 295 0
165 382 306 395 336 0
165 467 332 482 375 0
165 487 323 500 363 0
165 623 333 641 382 0
165 457 338 474 383 0
165 593 341 610 386 0
165 618 346 637 397 0
165 789 354 813 408 0
165 833 347 850 398 0
165 848 349 864 401 0
165 712 371 729 427 0
165 723 372 744 429 0
165 248 480 273 556 0
165 204 490 230 560 0
165 399 528 429 618 0
166 565 268 578 295 0
166 381 307 394 337 0
166 488 321 500 362 0
166 456 338 472 384 0
166 590 341 606 386 0
166 619 345 637 397 0
166 787 354 809 409 0
166 832 348 848 398 0
166 847 349 862 402 0
166 712 371 729 426 0
166 723 374 744 431 0
166 206 485 230 559 0
166 251 481 277 553 0
166 402 530 433 621 0
167 564 268 577 294 0
167 378 307 391 338 0
167 454 338 470 385 0
167 587 341 604 386 0
167 620 346 638 396 0
167 784 354 805 410 0
167 831 349 847 398 0
167 848 347 861 400 0
167 710 372 728 425 0
167 725 377 745 434 0
167 209 484 232 558 0
167 251 481 278 551 0
167 405 532 437 626 0
168 563 268 576 294 0
168 376 307 388 338 0
168 468 330 482 372 0
168 600 334 614 380 0
168 453 339 469 385 0
168 582 340 597 386 0
168 591 341 606 386 0
168 622 348 639 395 0
168 782 355 803 411 0
168 830 349 846 399 0
168 849 346 861 399 0
168 707 373 726 427 0
168 725 379 746 436 0
168 212 483 235 558 0
168 253 481 280 551 0
168 408 535 439 629 0
169 563 268 575 293 0
169 374 305 387 337 0
169 468 329 483 369 0
169 603 334 618 379 0
169 452 340 469 385 0
169 580 341 596 385 0
169 597 341 612 385 0
169 624 349 641 396 0
169 781 357 802 411 0
169 829 350 845 400 0
169 705 374 724 428 0
169 722 380 744 437 0
169 215 483 237 556 0
169 232 479 256 548 0
169 255 479 281 550 0
169 412 537 446 634 0
170 562 268 574 293 0
170 467 327 481 367 0
170 604 334 619 379 0
170 449 342 465 387 0
170 577 342 594 385 0
170 625 350 642 397 0
170 781 357 802 411 0
170 827 352 845 401 0
170 703 375 722 429 0
170 719 379 740 437 0
170 216 479 239 553 0
170 258 478 283 550 0
170 416 537 448 635 0
171 561 267 573 293 0
171 464 326 477 366 0
171 602 334 618 379 0
171 448 342 463 386 0
171 456 340 471 387 0
171 574 342 591 385 0
171 626 350 643 396 0
171 776 356 795 413 0
171 790 356 810 409 0
171 825 353 844 403 0
171 702 376 722 431 0
171 715 380 736 438 0
171 221 480 246 550 0
171 261 476 285 549 0
171 419 537 452 636 0
172 561 268 573 293 0
172 462 326 475 366 0
172 598 335 616 380 0
172 446 342 461 387 0
172 571 341 588 385 0
172 627 349 644 394 0
172 774 357 793 412 0
172 800 353 819 406 0
172 825 354 844 404 0
172 702 378 723 435 0
172 713 380 734 440 0
172 224 479 249 548 0
172 264 476 287 546 0
172 423 536 454 638 0
173 561 268 573 293 0
173 460 326 473 365 0
173 594 336 612 380 0
173 445 343 459 387 0
173 567 341 584 385 0
173 628 348 645 393 0
173 770 358 791 413 0
173 807 352 826 404 0
173 825 354 843 404 0
173 701 381 724 439 0
173 712 380 734 441 0
173 227 478 251 547 0
173 267 476 289 543 0
173 426 544 458 643 0
174 560 268 573 293 0
174 459 325 472 365 0
174 443 343 458 389 0
174 562 341 580 385 0
174 590 340 608 382 0
174 630 348 647 394 0
174 765 360 789 414 0
174 805 352 824 406 0
174 826 354 843 405 0
174 698 383 724 441 0
174 713 380 737 440 0
174 229 478 254 545 0
174 269 474 292 541 0
174 429 546 461 646 0
175 560 268 572 293 0
175 457 324 469 365 0
175 442 343 457 389 0
175 559 341 575 385 0
175 588 341 604 382 0
175 633 348 648 394 0
175 762 360 786 414 0
175 803 353 822 407 0
175 824 355 842 406 0
175 694 383 720 441 0
175 231 475 257 544 0
175 271 471 295 539 0
175 433 550 465 647 0
176 560 268 572 293 0
176 350 313 364 348 0
176 449 333 462 374 0
176 457 322 469 363 0
176 442 342 457 389 0
176 557 341 573 385 0
176 585 340 602 382 0
176 635 347 650 392 0
176 759 359 782 414 0
176 800 354 820 408 0
176 822 355 841 407 0
176 691 383 715 442 0
176 233 472 259 541 0
176 273 468 298 537 0
176 436 551 469 648 0
177 559 268 572 293 0
177 350 312 364 346 0
177 449 331 462 375 0
177 458 321 470 362 0
177 573 337 588 378 0
177 442 339 456 389 0
177 563 341 579 384 0
177 585 341 601 382 0
177 637 344 652 391 0
177 756 359 778 415 0
177 798 354 817 408 0
177 820 355 838 407 0
177 688 384 712 442 0
177 235 470 259 540 0
177 276 467 299 535 0
177 438 550 473 651 0
178 559 268 571 293 0
178 348 311 362 346 0
178 447 331 461 375 0
178 576 337 591 378 0
178 546 344 561 390 0
178 569 341 585 383 0
178 587 342 603 383 0
178 638 343 654 389 0
178 753 361 775 416 0
178 795 354 814 407 0
178 817 354 835 407 0
178 685 385 710 444 0
178 238 469 261 539 0
178 278 466 301 534 0
178 446 556 480 656 0
179 558 268 570 293 0
179 346 311 360 347 0
179 444 331 458 374 0
179 544 344 559 388 0
179 575 341 591 382 0
179 640 342 656 389 0
179 752 362 772 417 0
179 793 353 812 407 0
179 815 354 833 407 0
179 682 386 707 444 0
179 241 468 263 538 0
179 280 463 302 532 0
179 449 556 484 660 0
180 558 267 570 292 0
180 345 312 359 348 0
180 441 330 455 371 0
180 540 344 556 389 0
180 572 341 587 382 0
180 642 343 658 389 0
180 750 363 770 417 0
180 792 354 812 407 0
180 813 355 831 408 0
180 680 386 704 445 0
180 243 467 266 535 0
180 281 460 304 531 0
180 454 557 488 661 0
181 558 267 570 292 0
181 537 344 553 390 0
181 568 340 584 382 0
181 644 342 660 388 0
181 792 355 813 408 0
181 813 356 830 410 0
181 675 385 697 443 0
181 747 366 768 422 0
181 245 465 269 533 0
181 286 461 308 531 0
181 459 558 491 662 0
182 558 267 570 292 0
182 533 344 549 390 0
182 563 340 580 382 0
182 646 341 661 387 0
182 742 362 761 418 0
182 759 360 778 415 0
182 791 356 813 409 0
182 813 355 830 410 0
182 673 387 696 445 0
182 750 367 769 424 0
182 277 453 300 525 0
182 247 464 271 532 0
182 266 460 289 531 0
182 287 459 309 530 0
182 464 559 494 664 0
183 558 267 569 292 0
183 529 344 546 390 0
183 559 340 575 382 0
183 647 340 662 387 0
183 769 357 787 413 0
183 791 356 811 411 0
183 671 389 695 448 0
183 741 366 760 423 0
183 248 463 272 532 0
183 290 460 312 529 0
183 469 562 498 665 0
184 557 267 569 292 0
184 525 345 541 390 0
184 556 340 571 382 0
184 648 340 662 386 0
184 775 355 793 412 0
184 793 356 811 412 0
184 667 391 691 450 0
184 738 366 757 423 0
184 253 461 277 529 0
184 293 461 315 528 0
184 472 565 502 665 0
184 485 589 513 672 0
185 557 267 568 292 0
185 523 345 538 390 0
185 554 340 568 382 0
185 650 341 664 384 0
185 776 357 793 414 0
185 795 356 812 413 0
185 665 392 686 450 0
185 735 367 755 424 0
185 293 453 316 524 0
185 254 460 278 527 0
185 481 566 511 668 0
186 556 267 567 292 0
186 315 317 330 352 0
186 326 314 339 347 0
186 544 336 557 379 0
186 516 347 531 394 0
186 527 345 541 388 0
186 553 341 566 382 0
186 650 341 665 383 0
186 774 358 792 415 0
186 795 357 812 414 0
186 662 393 683 451 0
186 731 367 752 425 0
186 294 451 318 523 0
186 256 459 279 526 0
186 482 568 515 670 0
187 555 267 566 292 0
187 323 314 337 347 0
187 544 336 558 380 0
187 515 348 530 394 0
187 533 344 547 387 0
187 555 344 568 383 0
187 651 341 666 382 0
187 770 360 789 415 0
187 793 358 810 414 0
187 659 393 679 451 0
187 728 368 748 426 0
187 256 455 279 521 0
187 295 449 320 519 0
187 485 567 519 669 0
188 554 267 566 293 0
188 319 313 332 347 0
188 512 350 528 395 0
188 537 343 552 387 0
188 652 340 667 381 0
188 767 360 785 414 0
188 789 359 807 415 0
188 656 394 676 451 0
188 724 368 744 428 0
188 257 456 280 519 0
188 297 449 322 517 0
188 490 567 526 670 0
189 554 267 565 293 0
189 316 314 330 347 0
189 508 350 525 396 0
189 534 343 550 388 0
189 652 340 668 382 0
189 765 360 781 414 0
189 786 359 804 416 0
189 652 394 673 451 0
189 721 369 741 429 0
189 260 454 283 519 0
189 300 448 324 516 0
189 497 573 535 682 0
189 513 590 544 676 0
190 554 266 565 293 0
190 312 314 328 348 0
190 653 336 669 379 0
190 505 350 521 396 0
190 531 343 547 388 0
190 763 360 780 414 0
190 783 360 801 417 0
190 649 393 669 451 0
190 717 371 738 431 0
190 263 452 286 519 0
190 302 449 326 516 0
190 501 572 541 686 0
191 554 266 564 292 0
191 309 315 326 349 0
191 654 336 670 379 0
191 501 350 516 396 0
191 530 343 545 386 0
191 761 360 780 415 0
191 782 359 799 418 0
191 643 393 663 450 0
191 715 372 736 431 0
191 267 450 289 519 0
191 306 448 328 515 0
191 508 578 547 683 0
192 554 266 564 292 0
192 306 317 323 350 0
192 655 335 670 379 0
192 497 352 513 395 0
192 526 343 542 386 0
192 759 360 778 415 0
192 781 359 798 419 0
192 641 393 661 452 0
192 713 373 734 431 0
192 768 366 787 422 0
192 270 450 292 517 0
192 308 448 331 512 0
192 511 575 551 686 0
193 554 266 564 292 0
193 304 317 319 351 0
193 656 335 671 379 0
193 495 352 511 395 0
193 523 344 538 386 0
193 757 360 775 416 0
193 638 393 659 453 0
193 709 373 729 431 0
193 767 366 785 423 0
193 272 450 294 515 0
193 312 448 334 511 0
193 517 576 557 687 0
194 554 266 564 292 0
194 301 318 315 352 0
194 656 334 672 379 0
194 498 351 514 394 0
194 520 343 535 386 0
194 742 358 759 417 0
194 754 360 773 417 0
194 634 394 656 452 0
194 706 374 728 431 0
194 725 369 744 428 0
194 764 366 783 422 0
194 274 450 297 514 0
194 314 449 336 511 0
194 522 577 569 695 0
195 554 265 564 292 0
195 657 334 673 379 0
195 483 352 497 398 0
195 504 348 519 391 0
195 520 343 533 387 0
195 744 359 761 418 0
195 630 394 653 451 0
195 703 374 725 432 0
195 735 366 753 425 0
195 762 365 780 423 0
195 277 449 299 513 0
195 319 447 339 507 0
195 526 579 575 700 0
196 553 266 564 292 0
196 657 334 674 378 0
196 481 353 496 398 0
196 509 346 524 388 0
196 521 344 535 389 0
196 743 361 761 418 0
196 627 395 650 450 0
196 700 375 722 432 0
196 761 365 780 423 0
196 279 446 302 512 0
196 307 443 328 508 0
196 319 443 340 506 0
196 537 583 584 700 0
197 553 266 564 292 0
197 657 332 674 377 0
197 477 354 494 398 0
197 510 346 525 387 0
197 624 395 647 449 0
197 697 376 718 433 0
197 742 366 759 423 0
197 760 366 778 423 0
197 282 443 304 511 0
197 297 439 320 507 0
197 320 438 342 504 0
197 542 580 584 704 0
198 553 266 564 292 0
198 658 330 675 375 0
198 473 356 491 399 0
198 507 346 522 388 0
198 621 396 644 448 0
198 694 377 715 434 0
198 741 366 758 423 0
198 757 366 775 424 0
198 290 439 313 507 0
198 323 437 344 502 0
198 546 579 589 707 0
199 553 266 564 292 0
199 659 329 676 375 0
199 470 355 488 400 0
199 503 346 518 388 0
199 691 377 712 436 0
199 738 367 755 423 0
199 754 366 772 424 0
199 619 400 642 455 0
199 292 439 315 506 0
199 326 436 346 501 0
199 551 582 596 709 0
200 553 266 564 292 0
200 660 329 677 374 0
200 467 356 484 400 0
200 499 345 513 388 0
200 688 379 709 436 0
200 735 367 751 423 0
200 751 366 769 425 0
200 618 401 639 456 0
200 328 437 349 500 0
200 556 586 605 710 0
201 551 265 561 292 0
201 662 330 678 374 0
201 464 357 481 399 0
201 495 345 510 388 0
201 686 380 706 436 0
201 733 369 749 423 0
201 748 368 767 425 0
201 331 436 351 499 0
201 559 588 611 709 0
202 551 265 561 292 0
202 663 330 678 373 0
202 461 357 478 399 0
202 491 345 506 387 0
202 683 380 703 436 0
202 733 370 750 424 0
202 747 368 765 427 0
202 298 438 318 502 0
202 333 434 354 497 0
202 575 591 620 707 0
203 551 265 561 292 0
203 664 329 679 372 0
203 463 355 480 398 0
203 488 346 503 388 0
203 682 380 700 437 0
203 734 371 752 427 0
203 748 369 765 429 0
203 301 436 321 501 0
203 336 433 356 497 0
203 584 595 620 707 0
204 551 265 561 293 0
204 665 328 680 371 0
204 449 359 464 401 0
204 469 351 484 395 0
204 487 345 501 388 0
204 679 379 696 435 0
204 686 378 704 436 0
204 733 372 751 429 0
204 303 436 324 501 0
204 339 432 359 497 0
204 590 601 627 719 0
205 550 265 561 293 0
205 666 327 681 370 0
205 449 359 464 401 0
205 474 348 489 392 0
205 487 344 502 388 0
205 676 380 694 437 0
205 696 374 713 433 0
205 732 372 750 431 0
205 304 435 326 500 0
205 341 431 361 496 0
205 596 602 633 719 0
206 550 265 560 294 0
206 667 327 682 371 0
206 448 358 463 399 0
206 476 347 491 390 0
206 672 381 691 438 0
206 705 371 722 430 0
206 730 372 748 432 0
206 306 434 328 499 0
206 343 430 364 494 0
206 600 608 639 719 0
207 550 265 559 294 0
207 668 326 684 369 0
207 445 358 460 399 0
207 474 348 489 390 0
207 668 382 687 438 0
207 709 371 725 428 0
207 729 373 747 431 0
207 309 432 330 497 0
207 346 429 365 492 0
207 610 611 649 719 0
208 549 265 558 293 0
208 670 325 685 368 0
208 442 356 457 400 0
208 470 349 486 390 0
208 665 382 684 438 0
208 706 373 722 428 0
208 728 375 745 433 0
208 348 426 366 487 0
208 312 431 332 495 0
208 616 610 655 719 0
209 671 324 686 367 0
209 359 359 377 404 0
209 466 349 481 390 0
209 663 382 680 439 0
209 703 374 719 430 0
209 725 377 742 436 0
209 350 426 367 486 0
209 315 431 333 493 0
209 621 612 662 719 0
210 357 334 371 373 0
210 671 324 686 366 0
210 358 360 374 406 0
210 463 348 477 390 0
210 660 382 678 440 0
210 699 374 715 430 0
210 722 379 740 438 0
210 316 430 335 493 0
210 338 430 356 492 0
210 355 433 372 488 0
210 626 617 672 719 0
211 349 333 363 371 0
211 356 333 370 372 0
211 672 324 687 366 0
211 357 362 372 408 0
211 458 348 474 391 0
211 657 383 676 441 0
211 696 374 713 431 0
211 718 379 738 439 0
211 341 425 359 485 0
211 317 430 336 496 0
211 329 430 347 492 0
211 356 432 373 488 0
211 633 620 686 718 0
212 246 322 262 364 0
212 350 336 364 372 0
212 356 332 371 369 0
212 672 323 687 365 0
212 356 366 371 410 0
212 455 349 472 391 0
212 654 384 673 441 0
212 695 375 713 431 0
212 716 381 735 439 0
212 332 425 351 486 0
212 355 426 374 483 0
212 315 430 335 498 0
212 324 430 342 492 0
212 640 625 686 719 0
213 245 322 261 363 0
213 348 336 362 372 0
213 673 323 688 365 0
213 349 353 364 392 0
213 357 368 371 410 0
213 453 348 470 392 0
213 652 384 670 440 0
213 695 378 713 432 0
213 714 381 733 440 0
213 357 425 377 482 0
213 326 428 345 491 0
213 648 626 693 719 0
214 243 322 259 362 0
214 345 335 360 371 0
214 674 322 688 364 0
214 348 359 363 397 0
214 446 348 463 392 0
214 453 348 471 392 0
214 349 374 366 417 0
214 357 375 372 419 0
214 645 385 663 443 0
214 659 382 676 438 0
214 694 380 712 433 0
214 714 381 731 442 0
214 326 426 347 486 0
214 359 424 379 481 0
214 659 624 700 719 0
215 242 321 259 363 0
215 343 333 357 370 0
215 675 322 688 363 0
215 443 348 460 392 0
215 348 373 366 417 0
215 643 387 662 444 0
215 668 379 684 434 0
215 696 381 714 435 0
215 714 380 732 442 0
215 328 426 348 485 0
215 361 423 380 479 0
215 664 625 704 719 0
216 340 331 354 370 0
216 676 322 689 363 0
216 441 349 458 392 0
216 346 372 364 416 0
216 639 387 660 445 0
216 677 377 692 433 0
216 699 383 718 437 0
216 330 426 351 484 0
216 363 424 382 477 0
216 667 632 701 713 0
217 677 321 690 362 0
217 438 350 455 392 0
217 343 372 362 416 0
217 636 388 657 446 0
217 675 377 692 433 0
217 700 384 720 440 0
217 332 425 354 483 0
217 366 423 385 475 0
218 678 321 691 361 0
218 435 352 451 394 0
218 341 372 357 416 0
218 633 388 653 446 0
218 672 378 688 434 0
218 698 385 717 441 0
218 335 423 356 481 0
218 369 422 388 474 0
219 679 320 692 360 0
219 339 373 354 416 0
219 631 388 649 446 0
219 668 379 685 434 0
219 694 386 713 442 0
219 337 422 358 480 0
219 371 421 391 473 0
219 707 637 747 719 0
220 679 320 693 360 0
220 336 374 352 416 0
220 627 390 644 446 0
220 665 380 680 434 0
220 691 387 708 442 0
220 339 422 359 479 0
220 373 420 392 472 0
220 706 638 750 719 0
221 328 333 340 372 0
221 680 320 694 360 0
221 334 375 350 420 0
221 624 393 641 446 0
221 662 382 678 434 0
221 687 387 705 442 0
221 340 421 361 479 0
221 374 420 394 471 0
221 712 641 757 719 0
222 319 335 332 373 0
222 325 336 337 374 0
222 683 320 697 360 0
222 333 375 349 422 0
222 620 395 638 446 0
222 661 383 678 435 0
222 684 386 702 441 0
222 342 420 363 478 0
222 374 418 394 471 0
222 719 643 766 719 0
223 319 339 332 376 0
223 325 337 337 374 0
223 684 320 697 360 0
223 331 376 348 424 0
223 611 391 628 445 0
223 624 394 640 447 0
223 661 385 679 437 0
223 683 385 700 441 0
223 344 418 366 477 0
223 371 413 393 471 0
223 739 644 780 714 0
224 317 341 331 376 0
224 685 320 698 360 0
224 329 377 345 423 0
224 612 392 627 449 0
224 633 391 648 446 0
224 662 386 679 439 0
224 683 382 698 441 0
224 347 419 368 478 0
224 366 411 387 471 0
224 740 645 789 719 0
225 550 264 559 290 0
225 315 341 328 376 0
225 685 319 698 360 0
225 326 378 342 425 0
225 610 393 625 450 0
225 641 387 657 444 0
225 664 386 680 441 0
225 349 420 369 479 0
225 359 412 381 473 0
225 531 420 553 483 0
225 747 646 799 719 0
226 551 263 561 289 0
226 312 341 325 375 0
226 687 318 699 359 0
226 324 379 340 425 0
226 606 394 623 450 0
226 644 385 660 442 0
226 665 385 681 443 0
226 349 419 369 478 0
226 529 420 551 480 0
226 755 646 805 719 0
227 553 262 564 287 0
227 310 341 323 375 0
227 687 317 700 359 0
227 365 364 381 403 0
227 319 380 333 425 0
227 325 382 341 427 0
227 602 394 620 449 0
227 641 385 658 443 0
227 664 386 683 445 0
227 353 415 374 474 0
227 526 419 547 479 0
227 769 651 818 717 0
228 553 263 564 288 0
228 307 341 322 375 0
228 688 318 701 359 0
228 361 365 378 404 0
228 317 379 331 425 0
228 330 383 346 426 0
228 638 386 657 444 0
228 661 387 680 446 0
228 354 413 374 472 0
228 525 419 544 479 0
228 776 663 829 719 0
229 553 263 564 288 0
229 305 341 319 375 0
229 688 318 702 358 0
229 358 365 373 403 0
229 314 381 329 425 0
229 636 388 654 444 0
229 657 388 676 445 0
229 356 412 374 469 0
229 523 419 542 479 0
229 784 663 837 719 0
230 553 263 564 288 0
230 302 340 316 374 0
230 688 318 703 358 0
230 357 365 371 403 0
230 311 382 326 425 0
230 634 389 651 444 0
230 653 389 672 446 0
230 358 412 374 467 0
230 521 419 541 480 0
230 789 674 839 718 0
231 553 263 564 288 0
231 299 339 312 373 0
231 688 318 705 357 0
231 303 351 315 384 0
231 350 365 364 403 0
231 357 363 371 401 0
231 307 382 322 426 0
231 633 390 649 443 0
231 650 390 668 446 0
231 359 413 375 465 0
231 518 421 540 482 0
231 802 665 859 719 0
232 553 263 564 288 0
232 689 317 706 357 0
232 348 365 362 405 0
232 303 382 318 428 0
232 632 390 648 442 0
232 650 390 667 448 0
232 360 413 376 464 0
232 518 422 539 484 0
232 809 667 869 719 0
233 553 263 564 288 0
233 691 316 706 356 0
233 344 367 360 406 0
233 300 382 315 431 0
233 631 390 648 442 0
233 651 388 667 446 0
233 360 413 378 463 0
233 510 418 528 479 0
233 519 422 539 484 0
233 814 679 874 718 0
234 553 262 564 288 0
234 693 315 708 355 0
234 342 367 357 407 0
234 297 382 314 433 0
234 629 391 647 443 0
234 361 411 381 462 0
234 506 419 524 478 0
234 520 422 540 485 0
234 834 677 897 719 0
235 554 262 564 288 0
235 694 315 709 355 0
235 339 364 353 408 0
235 294 381 311 434 0
235 611 390 627 445 0
235 629 391 647 444 0
235 363 410 383 462 0
235 502 420 521 478 0
235 521 423 540 486 0
235 569 404 587 466 0
235 842 678 906 719 0
236 554 262 564 287 0
236 695 314 710 355 0
236 292 379 309 434 0
236 611 391 627 444 0
236 629 392 646 445 0
236 366 410 385 462 0
236 498 421 518 478 0
236 520 424 541 487 0
236 567 406 586 467 0
237 554 262 564 286 0
237 696 314 711 355 0
237 332 359 348 408 0
237 362 355 380 398 0
237 609 392 626 443 0
237 628 393 645 447 0
237 369 410 388 462 0
237 494 421 515 478 0
237 564 408 584 468 0
237 521 428 540 490 0
237 867 679 927 719 0
238 554 261 565 285 0
238 173 327 187 360 0
238 697 314 712 355 0
238 329 361 346 407 0
238 357 354 374 395 0
238 608 392 624 443 0
238 625 393 642 449 0
238 490 420 511 477 0
238 561 409 581 470 0
238 520 428 540 492 0
238 876 683 937 719 0
239 554 261 565 285 0
239 171 328 184 360 0
239 698 314 714 354 0
239 316 362 331 409 0
239 332 360 348 405 0
239 354 355 370 396 0
239 605 392 620 444 0
239 624 392 640 449 0
239 486 421 508 478 0
239 557 409 577 475 0
239 520 428 540 493 0
239 898 688 954 719 0
240 554 261 564 285 0
240 168 327 181 360 0
240 699 313 715 353 0
240 319 364 334 408 0
240 339 359 354 401 0
240 354 355 369 395 0
240 483 421 506 479 0
240 554 411 574 479 0
240 520 428 541 494 0
240 902 689 962 719 0
241 554 261 564 285 0
241 166 327 179 360 0
241 700 313 716 353 0
241 316 367 333 408 0
241 345 359 360 399 0
241 356 356 371 394 0
241 480 422 500 478 0
241 520 430 542 494 0
241 910 690 972 719 0
242 554 260 564 285 0
242 164 327 179 360 0
242 701 313 717 353 0
242 313 368 331 409 0
242 348 359 362 397 0
242 477 423 498 479 0
242 486 420 508 477 0
242 532 421 552 486 0
242 520 432 542 494 0
242 912 699 971 717 0
242 936 691 986 719 0
243 550 260 560 284 0
243 555 259 565 284 0
243 162 328 176 361 0
243 703 313 718 353 0
243 310 368 327 409 0
243 346 357 359 397 0
243 473 424 494 480 0
243 538 417 558 480 0
243 519 434 540 496 0
243 944 695 997 719 0
244 160 327 174 361 0
244 704 312 719 353 0
244 306 367 322 409 0
244 343 355 354 396 0
244 267 392 287 440 0
244 469 424 490 482 0
244 542 415 560 477 0
244 518 435 539 497 0
244 968 698 1019 719 0
245 159 326 171 360 0
245 705 311 720 352 0
245 301 364 317 407 0
245 264 393 283 441 0
245 465 424 487 482 0
245 541 413 560 474 0
245 517 436 538 499 0
245 974 699 1026 719 0
246 157 326 168 359 0
246 705 311 720 352 0
246 333 353 344 395 0
246 262 393 280 441 0
246 460 425 483 483 0
246 539 413 558 476 0
246 517 436 538 500 0
246 982 701 1035 719 0
247 155 326 167 360 0
247 706 310 721 352 0
247 328 352 340 394 0
247 261 393 278 441 0
247 457 425 479 484 0
247 537 412 555 475 0
247 517 436 538 501 0
247 1002 701 1051 719 0
248 152 327 165 361 0
248 707 310 722 352 0
248 313 357 329 402 0
248 325 353 337 395 0
248 259 393 277 440 0
248 442 420 463 477 0
248 453 424 476 485 0
248 533 412 552 481 0
248 572 402 590 458 0
248 519 435 540 503 0
248 1009 706 1059 719 0
249 150 326 161 360 0
249 707 309 723 351 0
249 318 357 333 400 0
249 258 394 276 441 0
249 412 385 432 447 0
249 450 423 473 485 0
249 529 413 549 483 0
249 569 401 587 457 0
249 519 435 541 506 0
250 147 327 158 359 0
250 708 308 723 349 0
250 317 359 333 399 0
250 324 354 338 395 0
250 257 394 276 441 0
250 412 384 432 446 0
250 444 429 465 483 0
250 526 415 547 485 0
250 565 402 582 457 0
250 518 434 541 508 0
251 144 327 155 359 0
251 709 308 724 348 0
251 314 360 330 398 0
251 246 395 269 443 0
251 257 393 276 439 0
251 411 382 432 444 0
251 440 429 462 483 0
251 524 415 546 486 0
251 563 402 581 458 0
251 517 434 540 507 0
252 141 328 154 359 0
252 709 308 724 348 0
252 245 348 261 384 0
252 311 360 327 397 0
252 244 397 265 445 0
252 434 427 457 484 0
252 524 415 546 488 0
252 561 403 580 459 0
252 517 433 540 506 0
253 138 329 152 359 0
253 710 308 724 348 0
253 243 347 260 383 0
253 308 360 323 397 0
253 242 397 261 447 0
253 430 424 455 486 0
253 525 412 547 491 0
253 512 437 534 509 0
254 136 329 149 359 0
254 711 308 725 347 0
254 241 349 257 386 0
254 304 360 318 399 0
254 238 399 257 447 0
254 530 408 550 487 0
254 429 432 450 488 0
254 512 438 533 512 0
255 712 306 726 345 0
255 134 329 146 358 0
255 233 399 254 447 0
255 533 406 553 484 0
255 425 434 446 488 0
255 511 437 533 514 0
256 712 306 726 345 0
256 132 328 143 359 0
256 230 400 251 447 0
256 421 386 444 447 0
256 536 404 555 478 0
256 422 434 441 489 0
256 510 436 533 513 0
257 713 305 726 345 0
257 130 328 141 360 0
257 240 357 256 393 0
257 422 386 445 446 0
257 229 402 249 452 0
257 533 404 553 477 0
257 508 436 531 514 0
258 129 329 140 360 0
258 717 309 731 348 0
258 242 362 258 398 0
258 232 394 252 439 0
258 425 388 447 447 0
258 227 403 247 452 0
258 506 437 529 516 0
259 129 329 140 360 0
259 717 309 731 347 0
259 242 368 260 404 0
259 235 387 255 430 0
259 429 389 449 446 0
259 226 405 246 454 0
259 505 437 529 520 0
260 717 306 731 344 0
260 239 370 259 409 0
260 432 389 450 447 0
260 504 435 528 523 0
260 2 582 31 693 0
261 717 306 732 343 0
261 237 369 255 410 0
261 435 388 451 446 0
261 213 412 235 458 0
261 503 435 528 524 0
261 7 586 36 689 0
262 718 306 732 343 0
262 235 366 251 410 0
262 437 386 452 443 0
262 213 408 235 459 0
262 534 408 555 472 0
262 501 439 525 527 0
262 11 587 41 689 0
263 719 305 733 343 0
263 232 364 247 408 0
263 439 385 454 440 0
263 211 407 233 461 0
263 534 411 553 474 0
263 518 425 540 508 0
263 498 458 521 531 0
263 19 592 53 684 0
264 719 304 735 342 0
264 228 363 245 409 0
264 441 385 456 438 0
264 207 408 230 463 0
264 531 413 549 481 0
264 518 423 540 506 0
264 495 459 518 532 0
264 18 587 55 682 0
265 720 302 736 341 0
265 216 361 232 405 0
265 227 364 243 408 0
265 442 384 458 436 0
265 204 409 228 464 0
265 513 417 531 484 0
265 526 416 543 486 0
265 377 445 395 494 0
265 493 460 516 533 0
265 22 582 59 677 0
266 721 300 737 341 0
266 216 364 232 407 0
266 228 365 244 407 0
266 442 383 458 435 0
266 202 411 226 465 0
266 513 416 531 481 0
266 524 416 542 487 0
266 378 444 397 494 0
266 490 460 514 534 0
266 28 580 65 675 0
267 722 300 737 341 0
267 215 366 230 407 0
267 441 381 459 434 0
267 201 411 224 466 0
267 513 415 530 479 0
267 526 417 544 486 0
267 375 444 394 494 0
267 488 461 513 537 0
267 34 582 69 675 0
268 723 300 737 342 0
268 442 381 460 433 0
268 198 411 222 467 0
268 510 414 528 478 0
268 528 416 544 480 0
268 371 444 390 494 0
268 486 464 511 540 0
269 723 300 738 342 0
269 444 381 462 432 0
269 453 378 469 430 0
269 196 411 220 469 0
269 508 413 526 477 0
269 528 414 544 476 0
269 366 445 386 494 0
269 529 430 549 503 0
269 485 466 510 544 0
270 723 300 738 341 0
270 446 379 462 431 0
270 453 377 469 430 0
270 194 411 218 471 0
270 506 414 524 478 0
270 528 414 543 474 0
270 363 446 382 494 0
270 529 430 549 504 0
270 483 469 509 546 0
271 723 299 738 340 0
271 203 358 216 407 0
271 247 355 262 397 0
271 443 378 459 429 0
271 453 376 469 429 0
271 192 409 216 471 0
271 505 414 524 480 0
271 527 416 543 479 0
271 359 446 379 496 0
271 530 429 549 503 0
271 481 468 508 545 0
272 723 299 738 339 0
272 199 358 213 408 0
272 245 357 262 398 0
272 437 378 454 429 0
272 454 376 470 428 0
272 190 407 213 471 0
272 504 415 523 480 0
272 526 418 543 484 0
272 356 447 377 498 0
272 480 468 508 545 0
273 724 299 739 339 0
273 184 361 197 406 0
273 195 360 210 409 0
273 241 358 258 398 0
273 193 375 209 435 0
273 433 378 449 429 0
273 455 376 471 427 0
273 188 406 211 471 0
273 502 416 521 480 0
273 525 419 543 485 0
273 353 449 375 500 0
273 532 428 552 501 0
273 480 469 508 546 0
274 724 299 739 339 0
274 186 361 200 409 0
274 193 361 208 409 0
274 239 358 255 398 0
274 431 377 447 428 0
274 457 375 472 428 0
274 185 412 206 473 0
274 500 418 519 481 0
274 524 420 541 483 0
274 346 449 368 500 0
274 534 431 555 503 0
274 476 472 503 546 0
275 724 299 739 338 0
275 186 362 200 410 0
275 195 359 210 406 0
275 237 358 252 397 0
275 432 375 447 428 0
275 458 373 474 427 0
275 183 416 204 474 0
275 499 419 519 482 0
275 521 420 540 482 0
275 344 451 365 502 0
275 354 450 373 498 0
275 536 434 559 505 0
275 474 473 500 548 0
276 724 299 739 338 0
276 182 364 197 410 0
276 235 357 249 397 0
276 435 374 450 429 0
276 459 372 475 426 0
276 181 418 201 476 0
276 498 420 518 484 0
276 520 419 538 481 0
276 341 452 360 505 0
276 537 437 561 507 0
276 471 474 497 548 0
277 724 298 739 338 0
277 178 364 193 409 0
277 232 357 246 396 0
277 461 371 477 425 0
277 179 420 199 477 0
277 496 420 517 485 0
277 518 418 537 482 0
277 338 454 357 507 0
277 537 437 562 508 0
277 468 475 494 550 0
278 724 297 739 337 0
278 174 362 189 409 0
278 229 357 243 397 0
278 463 371 480 425 0
278 176 421 196 479 0
278 495 420 516 485 0
278 517 418 537 482 0
278 333 455 352 509 0
278 539 439 563 510 0
278 467 477 492 554 0
279 724 296 739 336 0
279 174 337 189 374 0
279 173 356 188 402 0
279 227 356 241 398 0
279 171 373 187 418 0
279 443 374 458 430 0
279 466 371 482 425 0
279 174 423 194 480 0
279 494 420 516 487 0
279 517 417 537 482 0
279 329 456 348 510 0
279 540 440 562 511 0
279 465 479 489 558 0
280 724 294 739 334 0
280 171 352 186 394 0
280 226 355 240 397 0
280 169 374 184 420 0
280 443 372 458 427 0
280 468 370 483 423 0
280 171 425 192 481 0
280 494 421 515 488 0
280 518 418 537 482 0
280 326 457 345 512 0
280 540 440 562 511 0
280 462 480 487 560 0
281 724 294 739 334 0
281 168 341 184 375 0
281 225 353 239 396 0
281 166 375 180 420 0
281 442 372 458 425 0
281 470 369 486 421 0
281 168 426 190 482 0
281 494 422 515 489 0
281 519 419 538 484 0
281 323 458 342 514 0
281 537 437 559 508 0
281 549 437 571 514 0
281 459 481 485 559 0
282 724 295 738 334 0
282 166 341 181 374 0
282 219 353 233 397 0
282 225 352 239 394 0
282 154 378 168 423 0
282 162 375 177 421 0
282 442 371 458 424 0
282 473 368 489 419 0
282 165 425 187 483 0
282 494 423 515 489 0
282 521 420 539 486 0
282 321 458 341 516 0
282 533 434 555 506 0
282 548 439 571 513 0
282 312 466 334 526 0
282 455 482 483 559 0
283 723 296 738 334 0
283 164 342 180 373 0
283 216 353 230 395 0
283 474 368 491 415 0
283 154 375 169 421 0
283 161 376 176 421 0
283 443 371 459 422 0
283 161 426 183 484 0
283 493 424 515 488 0
283 522 421 541 487 0
283 314 457 334 518 0
283 528 431 550 502 0
283 549 439 573 513 0
283 451 482 481 559 0
284 723 295 738 333 0
284 162 348 177 383 0
284 476 368 492 414 0
284 152 374 166 420 0
284 162 376 177 422 0
284 444 371 460 420 0
284 158 425 180 485 0
284 523 421 542 488 0
284 312 458 331 519 0
284 495 427 517 495 0
284 550 440 575 514 0
284 321 467 339 525 0
284 448 483 480 561 0
285 723 295 737 332 0
285 161 347 175 381 0
285 477 367 494 414 0
285 149 376 162 420 0
285 445 370 461 419 0
285 156 424 178 485 0
285 495 427 516 496 0
285 526 427 547 500 0
285 551 441 577 516 0
285 311 464 331 524 0
285 447 488 477 562 0
286 722 296 737 332 0
286 153 335 163 364 0
286 161 348 174 382 0
286 447 368 463 415 0
286 479 366 495 414 0
286 144 376 158 420 0
286 150 429 171 494 0
286 495 429 517 498 0
286 526 427 546 500 0
286 552 441 579 519 0
286 309 465 328 527 0
286 441 487 470 565 0
287 722 296 736 331 0
287 154 339 165 369 0
287 151 353 164 390 0
287 161 348 173 383 0
287 449 367 464 415 0
287 480 366 496 413 0
287 487 362 502 410 0
287 140 377 156 421 0
287 149 430 169 494 0
287 495 431 517 498 0
287 525 428 546 499 0
287 554 443 580 521 0
287 306 466 326 529 0
287 439 487 465 565 0
287 452 496 478 564 0
288 721 296 736 331 0
288 151 348 165 384 0
288 450 366 465 415 0
288 474 365 489 413 0
288 486 364 501 411 0
288 136 378 152 421 0
288 147 432 166 495 0
288 494 432 516 499 0
288 525 431 546 500 0
288 557 446 582 523 0
288 303 468 323 530 0
288 435 488 460 567 0
289 721 295 736 331 0
289 150 348 164 381 0
289 451 364 465 414 0
289 465 365 481 412 0
289 487 365 502 411 0
289 132 378 148 422 0
289 494 434 516 498 0
289 525 432 546 500 0
289 560 448 583 523 0
289 301 469 321 530 0
289 431 489 457 571 0
290 720 295 735 330 0
290 147 340 159 370 0
290 149 348 163 381 0
290 197 361 210 398 0
290 450 363 466 413 0
290 456 365 473 411 0
290 488 364 503 410 0
290 129 380 144 422 0
290 494 436 516 499 0
290 526 433 547 501 0
290 559 448 583 522 0
290 298 470 320 531 0
290 427 491 454 574 0
291 719 295 734 329 0
291 146 340 157 370 0
291 147 349 161 382 0
291 195 360 208 398 0
291 455 365 472 411 0
291 490 364 504 409 0
291 126 381 142 422 0
291 495 437 517 502 0
291 526 435 548 503 0
291 295 471 318 532 0
291 424 493 450 575 0
292 718 295 733 329 0
292 145 350 158 382 0
292 194 358 207 396 0
292 456 364 473 409 0
292 492 363 505 408 0
292 121 381 135 421 0
292 41 424 61 471 0
292 495 438 517 504 0
292 526 436 548 506 0
292 291 472 315 532 0
292 420 494 447 573 0
293 717 295 733 329 0
293 143 350 156 382 0
293 191 357 206 396 0
293 458 364 475 409 0
293 493 363 506 407 0
293 119 381 133 420 0
293 47 424 65 470 0
293 496 438 517 505 0
293 526 437 548 509 0
293 288 474 312 533 0
293 417 495 445 574 0
294 717 295 732 328 0
294 141 350 154 383 0
294 190 355 205 394 0
294 460 363 476 408 0
294 495 362 507 406 0
294 116 381 130 421 0
294 51 424 69 469 0
294 497 438 517 505 0
294 527 437 548 509 0
294 286 473 309 536 0
294 414 497 443 577 0
295 716 294 731 328 0
295 139 351 153 384 0
295 185 357 201 397 0
295 191 353 206 393 0
295 461 362 477 407 0
295 496 362 508 406 0
295 111 383 127 422 0
295 497 439 517 505 0
295 528 437 547 509 0
295 281 474 303 538 0
295 408 499 438 578 0
296 716 294 731 328 0
296 137 353 151 387 0
296 181 357 198 398 0
296 463 361 479 406 0
296 497 361 509 406 0
296 498 440 517 508 0
296 529 437 548 511 0
296 279 475 301 541 0
296 404 501 434 580 0
297 716 294 730 328 0
297 134 352 147 387 0
297 178 357 194 398 0
297 465 361 481 405 0
297 498 360 511 405 0
297 498 441 517 511 0
297 529 437 548 514 0
297 277 477 299 543 0
297 400 502 429 581 0
298 715 294 730 328 0
298 131 352 144 386 0
298 175 358 192 399 0
298 467 362 483 405 0
298 499 359 513 404 0
298 498 443 518 513 0
298 529 438 548 515 0
298 275 478 297 544 0
298 145 505 176 590 0
298 397 503 424 584 0
299 715 293 730 327 0
299 36 334 50 363 0
299 128 350 142 384 0
299 174 358 191 398 0
299 469 362 486 404 0
299 500 359 515 403 0
299 498 445 518 513 0
299 529 440 548 516 0
299 272 479 296 545 0
299 145 503 179 589 0
299 394 505 421 588 0
300 714 290 728 325 0
300 34 334 47 364 0
300 121 349 135 383 0
300 128 351 142 384 0
300 171 359 188 397 0
300 471 361 488 404 0
300 502 358 516 402 0
300 497 445 517 513 0
300 529 441 547 516 0
300 268 480 294 545 0
300 150 499 183 582 0
300 389 508 417 591 0
301 714 290 727 325 0
301 32 335 45 366 0
301 120 349 134 381 0
301 169 358 184 395 0
301 471 360 488 403 0
301 504 356 518 401 0
301 497 446 517 514 0
301 529 442 547 517 0
301 264 481 291 544 0
301 152 498 185 583 0
301 385 511 414 593 0
302 714 290 727 324 0
302 31 335 43 366 0
302 119 349 132 381 0
302 166 357 181 394 0
302 472 358 489 402 0
302 506 354 519 399 0
302 497 447 518 517 0
302 529 443 548 520 0
302 261 483 287 546 0
302 155 497 187 581 0
302 383 511 411 593 0
303 714 290 727 324 0
303 29 336 41 365 0
303 164 357 180 395 0
303 473 357 489 401 0
303 507 354 521 398 0
303 497 449 519 520 0
303 528 444 548 523 0
303 258 484 283 547 0
303 159 496 188 578 0
303 374 514 402 592 0
304 713 290 726 323 0
304 28 336 41 364 0
304 162 357 178 396 0
304 475 357 491 401 0
304 508 354 522 398 0
304 498 451 520 522 0
304 529 445 549 525 0
304 255 485 280 552 0
304 614 461 640 550 0
304 161 492 191 574 0
304 370 513 399 594 0
305 712 289 725 323 0
305 160 357 175 396 0
305 478 356 494 401 0
305 508 353 522 398 0
305 498 452 519 523 0
305 529 445 549 526 0
305 253 486 278 553 0
305 613 462 642 554 0
305 164 490 194 571 0
305 243 498 268 562 0
305 366 513 396 597 0
306 711 289 724 323 0
306 158 357 173 395 0
306 480 355 497 400 0
306 507 352 522 397 0
306 61 387 77 429 0
306 497 451 518 524 0
306 530 446 549 527 0
306 247 487 269 553 0
306 617 463 644 558 0
306 167 489 197 570 0
306 360 520 392 599 0
307 710 289 723 323 0
307 154 355 169 395 0
307 482 355 498 400 0
307 505 351 520 396 0
307 496 451 517 525 0
307 530 446 550 529 0
307 244 489 267 554 0
307 620 464 646 558 0
307 171 490 200 569 0
307 253 498 278 560 0
307 355 522 386 598 0
308 710 290 723 322 0
308 153 355 167 395 0
308 162 356 175 394 0
308 483 354 499 400 0
308 502 351 516 396 0
308 495 455 518 533 0
308 531 454 552 533 0
308 622 465 648 558 0
308 174 489 203 568 0
308 241 493 266 558 0
308 351 523 380 600 0
309 709 289 722 322 0
309 104 350 119 381 0
309 150 356 164 395 0
309 483 352 499 401 0
309 189 482 216 555 0
309 495 454 517 536 0
309 530 452 551 535 0
309 624 469 651 559 0
309 177 488 206 566 0
309 237 494 264 560 0
309 342 527 370 607 0
310 708 289 721 321 0
310 147 356 161 395 0
310 179 482 209 561 0
310 494 453 517 539 0
310 530 451 550 536 0
310 626 472 653 559 0
310 233 495 261 561 0
310 339 528 368 612 0
310 351 532 378 606 0
311 707 288 720 321 0
311 145 357 158 395 0
311 184 482 214 559 0
311 492 454 516 541 0
311 528 450 550 538 0
311 628 473 655 560 0
311 229 494 257 562 0
311 334 530 363 613 0
312 707 288 719 320 0
312 143 356 156 394 0
312 186 481 216 559 0
312 490 455 516 543 0
312 527 450 549 539 0
312 630 473 658 560 0
312 225 494 253 563 0
312 328 531 357 613 0
313 706 288 719 320 0
313 141 355 154 394 0
313 520 342 533 393 0
313 190 479 218 557 0
313 488 458 515 545 0
313 528 450 549 539 0
313 632 475 662 560 0
313 221 494 249 567 0
313 321 531 352 613 0
314 706 289 718 321 0
314 138 355 153 395 0
314 519 342 532 392 0
314 194 477 220 556 0
314 487 460 514 547 0
314 528 452 550 541 0
314 634 478 666 561 0
314 205 490 234 569 0
314 218 497 247 571 0
314 316 532 348 614 0
315 705 288 717 320 0
315 136 355 152 396 0
315 519 343 533 390 0
315 197 474 224 556 0
315 485 462 512 548 0
315 527 456 550 542 0
315 635 481 669 562 0
315 210 490 240 574 0
315 309 533 340 615 0
316 704 288 717 321 0
316 133 355 149 395 0
316 504 345 519 391 0
316 520 344 533 389 0
316 200 472 228 559 0
316 483 462 510 547 0
316 525 459 550 545 0
316 211 486 240 575 0
316 641 483 675 568 0
316 306 534 335 616 0
317 704 287 717 320 0
317 131 355 145 394 0
317 503 345 518 390 0
317 522 345 534 388 0
317 158 410 178 462 0
317 205 472 233 556 0
317 481 462 508 547 0
317 525 461 550 546 0
317 643 483 676 570 0
317 300 535 328 616 0
318 704 287 716 320 0
318 129 355 142 393 0
318 502 346 517 390 0
318 523 345 536 387 0
318 156 407 177 461 0
318 209 469 236 552 0
318 480 462 507 548 0
318 526 461 550 546 0
318 646 483 678 572 0
318 294 536 322 621 0
319 703 286 716 319 0
319 127 355 140 393 0
319 502 346 517 390 0
319 524 345 538 387 0
319 166 391 183 439 0
319 158 404 179 459 0
319 212 466 239 546 0
319 477 466 503 547 0
319 526 462 550 547 0
319 208 503 235 580 0
319 649 484 681 574 0
319 277 538 305 615 0
319 289 538 317 626 0
320 701 285 715 318 0
320 122 354 136 394 0
320 502 346 518 390 0
320 525 345 540 388 0
320 168 393 186 442 0
320 162 404 182 457 0
320 213 464 241 544 0
320 476 468 501 547 0
320 525 465 549 550 0
320 203 505 230 580 0
320 652 487 685 575 0
320 285 540 314 630 0
321 121 354 136 395 0
321 128 355 142 394 0
321 503 345 519 389 0
321 526 344 542 387 0
321 166 403 185 456 0
321 218 467 244 543 0
321 474 470 498 548 0
321 523 468 548 552 0
321 199 506 226 580 0
321 655 489 688 576 0
321 275 542 305 630 0
322 75 351 88 385 0
322 119 354 134 394 0
322 504 344 519 387 0
322 527 343 543 386 0
322 169 403 188 456 0
322 219 467 245 542 0
322 470 471 495 550 0
322 522 470 547 552 0
322 196 510 223 583 0
322 658 490 691 577 0
322 271 549 302 633 0
322 285 558 313 631 0
323 73 350 86 383 0
323 116 353 131 392 0
323 504 343 520 386 0
323 528 340 543 384 0
323 171 403 191 456 0
323 221 468 247 541 0
323 468 472 493 553 0
323 521 471 547 552 0
323 194 514 221 587 0
323 660 491 696 579 0
323 265 551 296 632 0
324 694 282 708 316 0
324 72 348 85 382 0
324 113 353 129 393 0
324 505 342 520 386 0
324 529 340 544 383 0
324 173 404 193 457 0
324 225 467 250 539 0
324 465 473 490 556 0
324 519 472 546 553 0
324 191 517 218 590 0
324 663 493 700 581 0
324 258 551 290 633 0
325 692 282 706 316 0
325 70 348 83 381 0
325 111 353 128 394 0
325 506 342 521 386 0
325 530 340 544 383 0
325 176 404 196 457 0
325 228 465 252 537 0
325 463 475 489 558 0
325 517 474 546 556 0
325 189 518 216 592 0
325 666 495 704 581 0
325 252 553 285 635 0
326 68 347 81 381 0
326 109 354 126 395 0
326 507 341 522 385 0
326 530 339 544 383 0
326 180 404 198 456 0
326 230 462 254 534 0
326 460 477 487 559 0
326 514 477 544 560 0
326 674 495 708 586 0
326 188 523 215 595 0
326 249 555 282 638 0
327 65 348 79 381 0
327 108 354 123 394 0
327 507 340 523 385 0
327 531 339 545 384 0
327 182 404 201 456 0
327 233 460 256 532 0
327 457 478 485 560 0
327 513 480 542 561 0
327 676 495 710 587 0
327 186 523 214 596 0
327 240 555 269 639 0
328 530 336 543 378 0
328 64 347 77 381 0
328 107 355 121 393 0
328 508 340 523 384 0
328 184 403 202 455 0
328 235 459 260 531 0
328 454 480 483 561 0
328 514 490 539 565 0
328 679 497 714 590 0
328 180 524 209 598 0
328 234 555 263 643 0
329 530 336 544 378 0
329 63 349 76 381 0
329 106 356 118 392 0
329 508 340 524 385 0
329 185 401 203 455 0
329 238 459 263 530 0
329 450 480 482 561 0
329 505 478 532 559 0
329 516 493 539 567 0
329 684 501 718 591 0
329 179 526 208 599 0
329 228 558 258 647 0
330 531 336 545 377 0
330 62 349 75 381 0
330 104 356 116 392 0
330 508 339 524 385 0
330 189 401 209 454 0
330 241 459 266 529 0
330 502 478 529 561 0
330 448 486 480 564 0
330 687 505 721 593 0
330 176 528 206 601 0
330 208 565 241 645 0
330 222 559 254 651 0
331 533 336 546 378 0
331 61 350 73 382 0
331 103 357 114 393 0
331 509 339 524 384 0
331 191 401 211 454 0
331 243 458 268 529 0
331 447 488 478 565 0
331 501 485 527 568 0
331 691 506 724 595 0
331 171 528 203 605 0
331 217 561 250 653 0
332 512 336 526 379 0
332 534 337 548 377 0
332 63 351 75 383 0
332 101 357 112 393 0
332 194 401 214 453 0
332 244 453 269 524 0
332 442 487 470 565 0
332 498 488 525 569 0
332 694 507 728 596 0
332 167 529 199 608 0
332 206 564 240 652 0
333 512 337 526 379 0
333 536 337 549 377 0
333 98 358 110 392 0
333 196 398 217 449 0
333 246 452 271 524 0
333 440 488 468 565 0
333 494 490 522 568 0
333 697 509 733 595 0
333 163 532 194 611 0
333 200 565 234 653 0
334 512 337 526 378 0
334 537 336 550 377 0
334 95 357 109 392 0
334 199 396 219 448 0
334 252 451 278 524 0
334 438 489 466 568 0
334 489 491 517 567 0
334 698 511 738 596 0
334 161 535 189 612 0
334 195 567 227 655 0
335 513 337 527 377 0
335 538 336 551 377 0
335 93 356 108 393 0
335 202 395 220 448 0
335 254 451 280 522 0
335 435 490 463 570 0
335 469 494 497 569 0
335 484 493 512 570 0
335 158 537 184 613 0
335 706 515 743 608 0
335 189 570 221 657 0
336 514 336 527 377 0
336 538 336 551 376 0
336 92 355 107 394 0
336 206 394 223 448 0
336 257 450 282 520 0
336 432 493 460 572 0
336 482 495 508 573 0
336 155 538 182 616 0
336 709 515 744 609 0
336 188 573 219 654 0
337 515 335 528 376 0
337 539 336 552 376 0
337 89 356 104 393 0
337 210 396 227 448 0
337 261 448 284 519 0
337 430 493 458 574 0
337 476 491 501 573 0
337 713 515 747 613 0
338 515 334 528 375 0
338 540 335 552 374 0
338 88 356 103 392 0
338 213 397 230 448 0
338 264 446 286 517 0
338 428 493 456 575 0
338 472 494 498 574 0
338 716 516 750 614 0
339 516 334 529 374 0
339 539 334 552 373 0
339 87 355 101 391 0
339 216 397 233 448 0
339 266 445 288 516 0
339 425 494 453 577 0
339 468 497 494 575 0
339 720 518 754 619 0
340 516 334 530 374 0
340 537 333 550 371 0
340 86 355 99 390 0
340 218 396 234 447 0
340 269 444 291 514 0
340 421 496 450 576 0
340 464 499 490 579 0
340 722 520 757 621 0
341 517 334 530 375 0
341 534 333 547 371 0
341 85 355 98 390 0
341 225 391 242 443 0
341 271 443 294 514 0
341 419 499 448 577 0
341 460 501 485 583 0
341 725 523 760 622 0
342 517 333 530 374 0
342 83 356 96 390 0
342 227 392 243 443 0
342 273 443 297 512 0
342 418 501 447 579 0
342 455 503 480 588 0
342 728 525 764 622 0
343 79 356 93 389 0
343 229 393 246 444 0
343 276 441 300 511 0
343 408 504 435 580 0
343 427 503 455 584 0
343 451 506 477 591 0
343 731 529 768 624 0
344 76 355 90 389 0
344 231 394 248 444 0
344 278 440 303 510 0
344 406 503 434 584 0
344 435 506 462 589 0
344 448 508 475 592 0
344 733 531 771 629 0
345 74 355 89 389 0
345 231 394 250 443 0
345 284 440 311 509 0
345 402 506 432 587 0
345 441 508 468 593 0
345 739 533 776 636 0
346 73 355 87 390 0
346 232 393 251 442 0
346 285 439 312 508 0
346 399 509 430 589 0
346 438 509 464 594 0
346 741 533 777 638 0
347 71 355 86 391 0
347 233 393 252 441 0
347 287 438 313 506 0
347 395 511 425 591 0
347 434 511 460 595 0
347 743 533 779 638 0
348 38 347 51 380 0
348 69 355 84 392 0
348 235 393 253 441 0
348 290 434 315 503 0
348 391 512 420 593 0
348 430 511 455 596 0
348 744 538 781 647 0
349 39 347 50 379 0
349 68 355 82 391 0
349 237 394 255 441 0
349 294 431 316 500 0
349 387 511 415 595 0
349 426 510 452 598 0
349 747 540 785 649 0
350 664 280 678 320 0
350 36 342 49 373 0
350 554 327 565 366 0
350 67 354 81 390 0
350 240 394 259 441 0
350 297 429 318 499 0
350 385 510 415 597 0
350 376 523 403 600 0
350 422 518 448 602 0
350 751 543 788 650 0
351 663 279 676 320 0
351 35 342 48 372 0
351 553 327 565 365 0
351 66 354 79 389 0
351 243 394 263 440 0
351 299 430 320 498 0
351 393 510 422 597 0
351 375 520 405 599 0
351 419 517 445 605 0
351 755 547 791 650 0
352 662 277 675 320 0
352 34 342 47 371 0
352 533 330 546 366 0
352 554 327 565 364 0
352 65 355 77 389 0
352 245 393 266 439 0
352 300 429 322 497 0
352 372 520 404 599 0
352 401 517 429 607 0
352 416 517 442 608 0
352 756 549 793 652 0
352 66 604 104 693 0
353 662 277 674 320 0
353 33 342 46 372 0
353 532 329 545 366 0
353 554 327 566 364 0
353 63 355 75 389 0
353 248 392 268 439 0
353 302 428 323 495 0
353 369 521 398 600 0
353 410 517 437 609 0
353 758 552 796 655 0
353 60 608 99 696 0
354 662 276 674 320 0
354 33 342 46 372 0
354 531 328 544 365 0
354 556 326 567 362 0
354 62 355 74 389 0
354 249 392 269 438 0
354 304 428 325 494 0
354 364 522 391 602 0
354 409 518 435 611 0
354 759 554 799 657 0
354 53 615 93 705 0
