1 961 315 983 356 0
1 823 350 844 396 0
1 322 434 349 489 0
1 808 507 850 573 0
1 773 536 815 602 0
1 757 516 829 625 0
2 608 278 622 317 0
2 974 318 991 361 0
2 832 355 849 404 0
2 326 430 351 497 0
2 810 504 852 589 0
2 162 519 191 610 0
2 775 532 819 618 0
3 610 277 624 315 0
3 974 318 991 361 0
3 832 355 849 404 0
3 324 431 349 498 0
3 807 501 845 590 0
3 157 521 188 612 0
3 777 529 822 620 0
4 610 273 625 310 0
4 974 318 992 361 0
4 831 355 849 404 0
4 323 432 347 499 0
4 806 498 840 592 0
4 153 525 186 616 0
4 781 518 833 627 0
5 565 268 584 299 0
5 609 272 625 309 0
5 974 318 992 361 0
5 831 354 849 404 0
5 322 434 346 500 0
5 785 508 835 628 0
6 565 267 583 297 0
6 608 273 625 308 0
6 974 318 992 362 0
6 1018 319 1036 370 0
6 832 354 849 404 0
6 321 434 344 500 0
6 807 525 846 630 0
6 786 504 834 625 0
7 564 266 582 295 0
7 759 288 776 326 0
7 974 318 992 362 0
7 1017 319 1036 369 0
7 832 354 849 404 0
7 320 435 343 501 0
7 784 494 821 592 0
7 811 533 848 629 0
8 565 265 581 294 0
8 757 287 775 324 0
8 973 318 992 362 0
8 1019 319 1038 369 0
8 832 354 849 404 0
8 319 436 342 502 0
8 781 490 813 584 0
8 815 539 853 629 0
9 565 265 581 294 0
9 612 281 628 314 0
9 755 287 774 324 0
9 973 318 993 361 0
9 1021 319 1039 369 0
9 832 354 849 404 0
9 314 436 339 505 0
9 776 487 808 577 0
9 817 540 859 632 0
10 565 265 581 294 0
10 618 280 633 316 0
10 754 286 773 324 0
10 973 318 993 360 0
10 982 317 1003 363 0
10 1022 320 1039 370 0
10 832 354 849 404 0
10 313 438 339 506 0
10 773 488 807 575 0
10 812 550 856 640 0
11 565 265 582 295 0
11 618 279 633 316 0
11 752 286 771 323 0
11 973 318 993 360 0
11 832 354 849 405 0
11 312 440 339 508 0
11 762 488 800 574 0
11 838 542 874 629 0
11 816 551 862 641 0
12 565 265 582 295 0
12 619 279 634 316 0
12 750 285 769 322 0
12 974 318 992 360 0
12 831 356 849 406 0
12 309 440 338 508 0
12 757 485 794 574 0
12 840 544 877 629 0
12 822 551 866 639 0
13 564 265 582 295 0
13 748 285 767 322 0
13 975 319 991 361 0
13 832 356 850 406 0
13 307 440 336 509 0
13 752 483 786 573 0
13 826 551 871 639 0
14 564 265 582 294 0
14 747 285 766 321 0
14 975 318 991 360 0
14 1019 319 1035 371 0
14 305 441 333 511 0
14 748 482 779 572 0
14 843 549 885 639 0
15 564 266 582 295 0
15 623 279 637 315 0
15 744 283 761 320 0
15 975 318 991 361 0
15 1017 318 1034 371 0
15 303 443 330 512 0
15 745 482 774 570 0
15 829 558 870 641 0
15 845 550 889 642 0
16 565 266 582 296 0
16 624 279 639 315 0
16 744 283 761 319 0
16 975 317 992 362 0
16 1013 318 1033 368 0
16 302 445 328 514 0
16 743 481 773 562 0
16 849 552 893 645 0
16 871 551 905 646 0
17 565 267 582 297 0
17 625 280 639 314 0
17 974 318 992 362 0
17 831 356 857 405 0
17 154 388 179 444 0
17 301 445 326 515 0
17 733 484 766 568 0
17 854 554 896 647 0
18 565 266 582 296 0
18 626 280 640 314 0
18 971 321 991 363 0
18 832 357 854 408 0
18 155 387 180 442 0
18 299 445 325 517 0
18 729 478 762 566 0
18 857 557 902 650 0
19 565 266 582 296 0
19 627 281 642 315 0
19 832 357 850 407 0
19 156 387 181 440 0
19 297 445 324 519 0
19 725 476 758 565 0
19 871 556 914 653 0
20 564 266 582 296 0
20 629 281 643 317 0
20 832 356 850 407 0
20 158 387 182 439 0
20 295 447 322 520 0
20 721 476 756 564 0
20 866 562 923 659 0
21 564 266 582 296 0
21 631 281 644 318 0
21 1016 317 1037 364 0
21 832 356 849 407 0
21 160 388 182 438 0
21 293 448 320 521 0
21 716 476 753 562 0
21 868 564 928 662 0
22 564 266 582 297 0
22 632 281 646 319 0
22 970 323 991 357 0
22 832 355 850 406 0
22 162 389 183 439 0
22 290 448 319 521 0
22 700 471 730 553 0
22 711 475 749 561 0
22 875 565 932 662 0
23 565 267 582 298 0
23 973 320 993 357 0
23 833 356 853 405 0
23 163 389 184 440 0
23 288 448 318 523 0
23 708 472 743 559 0
23 884 567 935 659 0
24 565 267 582 298 0
24 163 390 185 442 0
24 288 449 316 525 0
24 702 474 734 557 0
24 889 568 940 660 0
25 565 267 582 298 0
25 163 391 187 444 0
25 287 449 314 528 0
25 700 473 729 554 0
25 902 570 951 661 0
26 565 266 582 297 0
26 973 321 991 359 0
26 164 392 188 446 0
26 288 454 313 531 0
26 696 473 726 552 0
26 907 572 957 664 0
27 565 266 581 297 0
27 975 318 991 359 0
27 165 394 189 446 0
27 286 455 312 532 0
27 691 472 723 550 0
27 914 573 961 665 0
28 565 267 581 298 0
28 975 317 991 361 0
28 832 357 853 403 0
28 167 394 189 447 0
28 284 457 311 533 0
28 687 470 718 550 0
28 920 574 965 664 0
29 566 267 582 299 0
29 975 318 991 360 0
29 834 357 854 404 0
29 167 394 190 448 0
29 279 461 306 535 0
29 683 468 713 550 0
29 922 582 966 674 0
30 566 267 582 300 0
30 975 318 991 360 0
30 834 355 854 406 0
30 168 395 191 449 0
30 279 463 305 536 0
30 679 467 709 549 0
30 931 582 984 679 0
31 566 267 583 299 0
31 975 318 991 360 0
31 834 355 854 407 0
31 169 395 192 449 0
31 277 465 304 538 0
31 675 467 708 548 0
31 931 583 988 683 0
32 566 267 583 299 0
32 975 318 991 360 0
32 834 355 852 406 0
32 171 395 193 450 0
32 275 465 302 538 0
32 668 468 704 545 0
32 938 583 992 687 0
33 566 268 583 300 0
33 975 318 991 361 0
33 833 355 850 405 0
33 172 396 194 450 0
33 273 465 300 541 0
33 665 466 699 545 0
33 945 584 999 687 0
34 567 269 584 301 0
34 975 318 991 361 0
34 831 355 849 405 0
34 174 395 195 451 0
34 271 466 297 544 0
34 661 463 691 543 0
34 952 586 1005 689 0
35 567 270 583 301 0
35 975 318 991 361 0
35 831 355 849 405 0
35 175 395 197 451 0
35 269 466 295 546 0
35 657 462 685 542 0
35 963 590 1023 684 0
36 568 270 584 300 0
36 975 318 991 361 0
36 830 355 849 405 0
36 176 396 199 451 0
36 267 468 292 547 0
36 653 463 681 540 0
36 969 590 1027 690 0
37 568 269 584 300 0
37 975 318 991 361 0
37 830 354 848 405 0
37 178 396 201 451 0
37 264 469 289 548 0
37 648 463 677 538 0
37 975 592 1031 694 0
38 568 269 584 299 0
38 975 318 992 361 0
38 1017 320 1035 371 0
38 830 354 848 405 0
38 180 400 202 454 0
38 261 470 286 550 0
38 645 461 673 537 0
38 981 593 1034 697 0
39 569 270 584 299 0
39 975 317 992 361 0
39 1014 319 1034 370 0
39 830 354 848 405 0
39 181 399 203 456 0
39 257 471 284 552 0
39 642 460 666 535 0
39 985 594 1038 700 0
40 974 317 992 362 0
40 1013 319 1034 369 0
40 830 354 848 406 0
40 181 399 204 457 0
40 254 473 281 554 0
40 638 458 664 534 0
40 996 601 1055 699 0
41 974 317 992 362 0
41 830 354 848 406 0
41 181 399 204 458 0
41 252 474 279 555 0
41 634 459 661 534 0
41 996 603 1059 714 0
42 973 320 992 363 0
42 830 354 848 406 0
42 182 399 205 458 0
42 251 475 277 554 0
42 627 460 658 533 0
42 1004 603 1065 716 0
43 971 322 992 361 0
43 830 354 848 406 0
43 182 400 206 459 0
43 246 478 271 554 0
43 622 459 654 532 0
43 1011 604 1071 716 0
44 830 354 849 406 0
44 183 400 207 459 0
44 244 480 269 557 0
44 618 457 648 533 0
44 1024 602 1088 701 0
45 830 355 849 406 0
45 183 400 207 460 0
45 242 481 266 560 0
45 1030 607 1094 715 0
46 663 281 676 322 0
46 971 324 990 362 0
46 831 356 849 407 0
46 183 402 207 461 0
46 239 483 265 560 0
46 1037 608 1100 716 0
47 567 270 587 301 0
47 663 281 677 322 0
47 973 321 991 362 0
47 831 356 851 407 0
47 182 404 207 462 0
47 237 487 263 563 0
47 1043 610 1103 718 0
48 568 270 586 301 0
48 664 282 678 322 0
48 974 318 991 362 0
48 833 356 853 407 0
48 183 405 206 463 0
48 234 488 260 564 0
48 1048 612 1104 719 0
49 568 270 586 302 0
49 665 283 679 322 0
49 974 318 991 362 0
49 835 354 854 406 0
49 186 402 210 464 0
49 230 489 257 566 0
50 568 271 585 302 0
50 973 318 991 362 0
50 837 355 856 404 0
50 187 402 210 464 0
50 228 490 256 570 0
51 569 271 585 302 0
51 973 318 991 362 0
51 839 353 858 404 0
51 187 404 211 464 0
51 227 491 255 572 0
52 569 271 585 302 0
52 973 318 991 361 0
52 841 351 860 405 0
52 188 405 211 465 0
52 225 493 253 572 0
53 569 271 585 302 0
53 973 318 990 361 0
53 189 406 212 466 0
53 223 493 249 572 0
54 569 271 585 303 0
54 973 317 990 361 0
54 847 351 863 403 0
54 190 407 212 469 0
54 220 495 247 575 0
55 569 272 586 303 0
55 973 317 990 361 0
55 190 407 214 470 0
55 219 497 245 579 0
56 570 273 586 303 0
56 973 317 990 361 0
56 190 408 215 471 0
56 214 498 239 579 0
57 570 273 587 303 0
57 972 318 991 361 0
57 190 408 216 472 0
57 213 500 238 581 0
58 571 273 587 303 0
58 971 317 991 361 0
58 1005 321 1023 367 0
58 191 409 217 473 0
58 210 501 237 582 0
59 571 273 588 303 0
59 969 317 990 360 0
59 1007 321 1024 367 0
59 858 347 874 392 0
59 191 410 218 474 0
59 562 446 585 511 0
59 205 503 234 585 0
60 572 272 588 304 0
60 967 317 988 360 0
60 1007 320 1025 366 0
60 859 347 877 394 0
60 192 411 219 474 0
60 560 444 584 512 0
60 200 505 231 588 0
61 573 272 589 304 0
61 754 298 767 336 0
61 965 317 986 361 0
61 1007 319 1026 365 0
61 861 348 880 398 0
61 194 411 220 474 0
61 558 444 582 510 0
61 197 507 228 589 0
62 573 272 590 304 0
62 752 298 766 336 0
62 963 318 984 362 0
62 1007 318 1026 365 0
62 863 349 882 403 0
62 195 410 221 475 0
62 554 444 579 509 0
62 195 508 226 589 0
63 573 272 591 304 0
63 744 298 759 335 0
63 751 300 765 336 0
63 962 317 981 363 0
63 1007 318 1026 365 0
63 1021 321 1039 370 0
63 866 349 883 401 0
63 195 410 220 477 0
63 550 445 576 508 0
63 192 509 222 589 0
64 574 273 591 305 0
64 744 300 759 335 0
64 751 299 766 336 0
64 960 317 979 363 0
64 1007 319 1025 366 0
64 1022 321 1041 371 0
64 195 412 220 479 0
64 547 443 575 508 0
64 188 510 219 591 0
65 575 274 591 306 0
65 743 301 757 337 0
65 957 317 978 362 0
65 1005 319 1024 366 0
65 1023 321 1042 371 0
65 196 414 220 479 0
65 541 444 569 506 0
65 186 512 216 592 0
66 575 274 592 307 0
66 741 301 756 338 0
66 955 316 978 361 0
66 1002 319 1022 367 0
66 1023 321 1042 372 0
66 196 414 220 479 0
66 540 443 568 504 0
66 178 517 209 603 0
67 739 303 754 338 0
67 951 314 974 359 0
67 998 319 1020 367 0
67 1021 322 1041 373 0
67 196 414 222 479 0
67 539 442 565 504 0
67 178 519 209 602 0
68 737 304 751 339 0
68 948 313 968 361 0
68 995 319 1017 367 0
68 1021 323 1039 373 0
68 890 345 902 397 0
68 196 414 223 482 0
68 536 442 562 503 0
68 174 520 206 602 0
69 575 274 595 305 0
69 733 301 747 339 0
69 949 294 968 349 0
69 945 314 963 363 0
69 993 319 1013 368 0
69 1020 324 1037 374 0
69 892 344 905 395 0
69 198 416 225 485 0
69 534 440 560 503 0
69 169 521 202 603 0
70 576 274 594 305 0
70 731 300 745 339 0
70 941 317 959 365 0
70 992 320 1011 369 0
70 1018 325 1036 375 0
70 894 345 909 395 0
70 200 417 226 487 0
70 532 437 557 502 0
70 163 522 198 605 0
71 578 274 593 305 0
71 729 300 744 339 0
71 940 318 959 364 0
71 990 320 1009 369 0
71 1015 325 1035 376 0
71 897 345 913 393 0
71 202 417 227 487 0
71 531 435 555 501 0
71 159 524 194 607 0
72 578 274 593 306 0
72 727 302 744 340 0
72 938 319 957 365 0
72 989 321 1007 370 0
72 1012 326 1033 376 0
72 902 345 917 393 0
72 203 417 227 486 0
72 530 433 552 500 0
72 155 527 191 608 0
73 578 274 592 306 0
73 677 291 692 333 0
73 724 304 742 340 0
73 935 320 953 365 0
73 989 322 1008 369 0
73 1010 326 1031 376 0
73 905 345 921 392 0
73 205 418 228 486 0
73 529 434 551 499 0
73 152 530 185 608 0
74 577 274 591 306 0
74 675 288 690 332 0
74 933 321 949 365 0
74 990 323 1010 369 0
74 1009 328 1029 377 0
74 908 344 924 392 0
74 207 420 229 487 0
74 528 434 550 499 0
74 142 527 177 610 0
75 576 274 590 306 0
75 674 287 689 330 0
75 929 323 944 366 0
75 971 322 989 366 0
75 993 324 1012 371 0
75 1009 328 1028 378 0
75 909 344 924 391 0
75 209 421 230 489 0
75 526 433 548 497 0
75 137 528 174 613 0
76 575 275 589 306 0
76 672 287 687 330 0
76 718 300 732 341 0
76 925 326 941 369 0
76 974 321 990 368 0
76 994 326 1013 374 0
76 1011 326 1030 378 0
76 908 344 923 391 0
76 915 343 931 390 0
76 1000 336 1020 385 0
76 210 422 232 490 0
76 524 432 547 495 0
77 574 275 588 307 0
77 670 289 687 331 0
77 706 299 722 339 0
77 717 301 732 341 0
77 920 328 939 374 0
77 973 322 990 371 0
77 995 327 1015 376 0
77 916 341 934 388 0
77 211 422 233 490 0
77 523 431 546 493 0
78 573 275 587 307 0
78 667 290 684 333 0
78 711 302 726 342 0
78 969 326 987 373 0
78 996 329 1015 378 0
78 919 341 939 388 0
78 212 422 235 491 0
78 522 431 546 491 0
79 572 275 586 307 0
79 664 290 681 334 0
79 711 303 726 343 0
79 915 328 934 374 0
79 965 328 985 375 0
79 994 330 1013 379 0
79 925 340 944 388 0
79 214 422 237 491 0
79 522 430 545 491 0
80 570 275 585 307 0
80 662 289 678 336 0
80 709 303 724 344 0
80 907 324 923 368 0
80 914 327 931 372 0
80 961 331 979 376 0
80 992 332 1011 380 0
80 933 340 949 387 0
80 214 424 239 496 0
80 520 429 543 491 0
81 569 275 584 308 0
81 660 287 675 336 0
81 707 303 722 344 0
81 861 310 878 360 0
81 909 325 926 370 0
81 917 328 934 373 0
81 959 330 977 376 0
81 988 333 1008 381 0
81 939 340 954 386 0
81 517 424 542 488 0
81 215 425 241 497 0
82 568 276 582 308 0
82 658 285 673 335 0
82 705 304 721 343 0
82 856 307 875 361 0
82 907 325 926 369 0
82 921 330 938 374 0
82 957 331 974 376 0
82 1034 319 1050 368 0
82 941 342 957 387 0
82 949 340 965 386 0
82 987 337 1006 386 0
82 516 423 541 488 0
82 219 425 244 497 0
83 567 276 581 308 0
83 657 286 671 335 0
83 703 304 718 344 0
83 904 325 923 369 0
83 957 332 975 376 0
83 983 335 1002 381 0
83 1036 318 1053 367 0
83 1057 316 1077 370 0
83 940 344 957 389 0
83 949 340 967 387 0
83 516 423 541 487 0
83 220 424 245 498 0
84 566 277 581 308 0
84 655 288 669 335 0
84 700 304 715 344 0
84 901 322 918 368 0
84 957 333 976 378 0
84 980 335 999 382 0
84 1036 318 1055 366 0
84 1056 316 1076 369 0
84 949 339 969 388 0
84 515 423 540 488 0
84 222 424 246 499 0
85 565 277 580 308 0
85 645 290 662 333 0
85 653 291 668 336 0
85 698 304 712 344 0
85 840 317 856 362 0
85 851 315 866 367 0
85 897 321 914 367 0
85 976 334 997 383 0
85 1034 319 1053 367 0
85 1057 315 1076 368 0
85 953 337 975 388 0
85 515 423 540 488 0
85 224 425 246 501 0
86 564 277 579 308 0
86 652 290 668 335 0
86 695 305 710 344 0
86 841 315 859 363 0
86 894 321 911 367 0
86 975 332 997 382 0
86 1032 318 1050 367 0
86 1057 312 1074 367 0
86 958 336 982 387 0
86 515 421 540 486 0
86 226 426 247 503 0
87 563 277 578 308 0
87 645 292 662 335 0
87 652 289 669 334 0
87 693 305 708 344 0
87 841 313 859 364 0
87 890 322 909 368 0
87 939 327 956 373 0
87 976 331 998 379 0
87 1030 318 1047 368 0
87 1055 308 1072 367 0
87 963 336 987 387 0
87 515 419 539 485 0
87 227 428 248 505 0
88 562 279 576 311 0
88 643 292 661 335 0
88 690 308 706 347 0
88 839 315 856 365 0
88 888 323 905 367 0
88 938 329 955 375 0
88 1028 318 1045 369 0
88 1053 305 1071 367 0
88 965 336 988 387 0
88 516 417 539 483 0
88 227 429 249 506 0
89 560 279 575 311 0
89 641 294 657 336 0
89 688 305 704 344 0
89 835 315 852 366 0
89 886 321 902 366 0
89 937 332 955 378 0
89 1026 318 1044 370 0
89 1053 305 1072 367 0
89 967 337 989 388 0
89 979 342 1000 392 0
89 517 417 540 483 0
89 227 429 251 507 0
90 559 280 573 311 0
90 638 296 653 337 0
90 686 304 701 345 0
90 831 316 849 366 0
90 884 319 899 365 0
90 936 331 954 377 0
90 1024 318 1043 370 0
90 964 337 985 387 0
90 978 341 999 391 0
90 518 417 540 483 0
90 228 430 253 507 0
91 557 280 571 312 0
91 635 299 649 338 0
91 674 300 689 340 0
91 684 308 699 348 0
91 828 316 848 366 0
91 1022 319 1040 369 0
91 961 337 981 387 0
91 979 338 999 389 0
91 519 416 541 482 0
91 230 431 255 508 0
92 555 280 569 313 0
92 633 300 647 338 0
92 678 304 693 343 0
92 683 309 699 349 0
92 826 317 844 365 0
92 1022 319 1039 368 0
92 956 337 974 386 0
92 983 338 1001 388 0
92 520 415 541 480 0
92 233 433 258 508 0
93 554 280 568 313 0
93 629 300 644 339 0
93 678 306 693 343 0
93 684 312 699 350 0
93 825 319 840 366 0
93 1023 319 1039 369 0
93 952 337 970 385 0
93 986 338 1005 388 0
93 521 413 542 478 0
93 235 434 260 508 0
94 553 281 567 314 0
94 626 299 642 339 0
94 676 305 691 344 0
94 822 319 835 367 0
94 867 329 882 371 0
94 1026 319 1043 370 0
94 950 336 967 385 0
94 990 339 1009 387 0
94 522 413 542 477 0
94 237 434 262 509 0
95 550 280 562 315 0
95 624 299 639 341 0
95 674 304 688 345 0
95 818 320 833 367 0
95 866 331 882 374 0
95 1027 319 1043 370 0
95 946 337 965 385 0
95 994 340 1015 388 0
95 522 413 541 476 0
95 238 435 264 511 0
96 550 280 561 315 0
96 622 298 638 342 0
96 672 303 686 346 0
96 814 320 831 369 0
96 863 331 880 375 0
96 1027 319 1044 371 0
96 930 341 949 385 0
96 944 337 963 386 0
96 999 340 1019 388 0
96 522 412 541 475 0
96 240 437 265 513 0
97 548 279 561 317 0
97 621 298 637 341 0
97 670 302 684 346 0
97 813 320 831 368 0
97 860 332 878 375 0
97 945 332 965 378 0
97 1004 330 1025 381 0
97 1021 322 1039 374 0
97 907 344 923 387 0
97 931 339 949 385 0
97 523 410 542 475 0
97 242 439 267 514 0
98 626 271 639 306 0
98 547 279 560 317 0
98 619 298 635 340 0
98 667 302 683 346 0
98 810 320 828 369 0
98 856 333 876 376 0
98 1003 327 1024 378 0
98 1019 325 1038 375 0
98 908 342 923 384 0
98 931 338 948 385 0
98 1011 339 1032 386 0
98 524 409 544 475 0
98 244 440 270 513 0
99 625 270 639 306 0
99 612 299 629 340 0
99 664 301 681 346 0
99 806 320 825 368 0
99 853 333 873 377 0
99 924 335 943 379 0
99 1000 325 1020 375 0
99 1018 325 1036 377 0
99 907 341 923 383 0
99 524 408 545 475 0
99 246 441 272 513 0
100 624 270 638 306 0
100 612 300 628 342 0
100 618 294 635 335 0
100 661 299 677 346 0
100 802 318 822 368 0
100 850 332 870 378 0
100 922 334 942 378 0
100 997 324 1016 373 0
100 1021 325 1038 378 0
100 905 341 922 383 0
100 526 409 546 474 0
100 247 442 274 514 0
101 611 300 626 343 0
101 659 298 674 346 0
101 798 314 818 369 0
101 848 333 867 379 0
101 995 325 1013 374 0
101 1023 327 1040 381 0
101 903 342 921 384 0
101 528 408 547 473 0
101 251 442 279 515 0
101 0 635 30 719 0
102 608 301 623 344 0
102 658 298 672 346 0
102 796 312 814 369 0
102 846 333 865 380 0
102 919 333 940 379 0
102 993 325 1012 374 0
102 1023 329 1041 382 0
102 900 342 918 384 0
102 530 407 548 472 0
102 252 443 280 518 0
102 1 636 30 719 0
103 533 282 544 318 0
103 605 303 620 344 0
103 656 307 670 351 0
103 842 333 860 379 0
103 916 333 937 380 0
103 992 326 1009 374 0
103 1022 328 1039 381 0
103 848 339 867 385 0
103 899 341 916 385 0
103 1032 339 1049 385 0
103 531 405 549 471 0
103 254 445 282 520 0
104 622 273 635 305 0
104 530 282 543 317 0
104 602 303 618 343 0
104 653 308 668 351 0
104 790 318 806 370 0
104 840 332 858 380 0
104 850 331 868 377 0
104 913 333 936 380 0
104 992 325 1010 373 0
104 1018 326 1034 379 0
104 896 341 914 385 0
104 1036 340 1052 385 0
104 1046 341 1063 388 0
104 532 405 550 471 0
104 257 446 285 521 0
105 622 273 634 306 0
105 528 282 541 317 0
105 600 303 615 344 0
105 657 299 670 341 0
105 643 311 660 351 0
105 652 310 668 352 0
105 786 321 804 371 0
105 837 332 855 380 0
105 912 333 935 381 0
105 991 326 1009 373 0
105 1015 325 1032 378 0
105 893 340 911 387 0
105 1047 340 1066 387 0
105 533 405 550 469 0
105 259 447 286 522 0
106 525 281 539 317 0
106 597 303 612 343 0
106 645 310 660 348 0
106 653 312 668 354 0
106 782 321 801 372 0
106 833 332 853 381 0
106 911 332 934 383 0
106 990 327 1009 374 0
106 891 338 909 388 0
106 1048 340 1070 386 0
106 534 404 550 466 0
106 262 448 288 524 0
107 524 281 538 317 0
107 594 304 611 343 0
107 643 310 658 348 0
107 780 319 799 371 0
107 829 333 849 382 0
107 910 331 932 385 0
107 988 329 1007 375 0
107 896 336 914 390 0
107 1052 340 1076 386 0
107 536 403 551 463 0
107 263 449 288 526 0
108 522 281 537 317 0
108 591 304 609 343 0
108 640 311 656 348 0
108 776 318 795 370 0
108 825 334 845 381 0
108 910 330 930 385 0
108 972 330 991 375 0
108 989 330 1006 375 0
108 902 334 920 391 0
108 1056 340 1077 386 0
108 264 450 289 527 0
109 520 283 536 318 0
109 589 304 606 344 0
109 638 311 654 349 0
109 773 320 794 369 0
109 783 323 803 369 0
109 820 334 840 381 0
109 973 331 991 376 0
109 991 331 1007 375 0
109 906 334 923 390 0
109 1060 341 1080 387 0
109 266 450 290 527 0
110 519 283 536 319 0
110 587 303 603 345 0
110 635 310 651 350 0
110 769 321 791 369 0
110 817 334 836 381 0
110 973 332 990 377 0
110 991 332 1006 376 0
110 1067 324 1087 380 0
110 906 334 922 389 0
110 267 450 293 527 0
111 513 285 530 321 0
111 586 303 602 344 0
111 578 309 596 351 0
111 633 310 648 350 0
111 767 321 786 370 0
111 801 332 822 377 0
111 813 334 834 381 0
111 906 333 923 383 0
111 971 333 989 379 0
111 989 332 1005 378 0
111 1069 325 1087 379 0
111 268 449 296 528 0
112 513 284 528 320 0
112 578 304 597 345 0
112 588 301 605 340 0
112 630 311 646 350 0
112 765 320 781 372 0
112 814 332 833 378 0
112 905 333 923 382 0
112 969 334 988 380 0
112 986 333 1003 379 0
112 1068 326 1086 377 0
112 1078 324 1097 383 0
112 870 346 885 390 0
112 271 454 299 533 0
113 510 284 525 321 0
113 577 308 596 349 0
113 627 312 645 350 0
113 763 320 777 372 0
113 807 334 825 383 0
113 817 329 834 373 0
113 904 333 921 380 0
113 968 334 986 380 0
113 984 333 1001 380 0
113 868 343 884 390 0
113 275 455 303 534 0
114 506 285 522 321 0
114 574 308 593 350 0
114 624 312 643 351 0
114 760 321 776 372 0
114 802 333 820 383 0
114 901 333 918 380 0
114 967 334 984 379 0
114 981 333 998 379 0
114 863 343 880 390 0
114 277 456 306 535 0
115 503 285 519 321 0
115 571 308 590 350 0
115 622 312 640 352 0
115 757 322 773 372 0
115 798 334 816 383 0
115 898 333 915 381 0
115 966 334 984 378 0
115 979 333 996 380 0
115 860 344 878 390 0
115 556 394 576 440 0
115 278 457 307 536 0
116 501 285 517 321 0
116 568 309 587 351 0
116 620 312 636 354 0
116 754 323 770 372 0
116 793 335 812 382 0
116 897 334 913 382 0
116 964 334 984 379 0
116 977 332 995 379 0
116 857 345 875 391 0
116 552 393 573 444 0
116 279 458 307 536 0
117 499 284 515 321 0
117 566 311 586 350 0
117 618 313 635 355 0
117 751 324 766 373 0
117 789 335 807 382 0
117 964 334 985 379 0
117 977 331 995 378 0
117 854 346 873 393 0
117 896 338 911 386 0
117 549 391 570 448 0
117 280 457 307 537 0
118 496 284 513 321 0
118 564 311 584 351 0
118 617 314 635 356 0
118 744 324 762 373 0
118 755 327 772 375 0
118 785 335 802 381 0
118 964 334 983 379 0
118 852 347 871 393 0
118 895 340 909 386 0
118 955 337 975 385 0
118 550 390 571 446 0
118 283 457 312 541 0
119 494 286 512 322 0
119 561 312 582 351 0
119 618 315 637 357 0
119 743 324 761 373 0
119 764 330 781 378 0
119 782 335 798 380 0
119 963 334 980 380 0
119 850 348 867 394 0
119 955 337 974 385 0
119 551 390 571 445 0
119 285 459 312 544 0
120 492 288 510 323 0
120 559 311 578 351 0
120 741 324 759 372 0
120 773 334 790 380 0
120 782 333 797 377 0
120 961 333 977 381 0
120 849 348 866 395 0
120 552 390 573 444 0
120 287 460 313 544 0
121 490 288 508 323 0
121 557 312 575 352 0
121 606 313 621 352 0
121 739 324 755 373 0
121 774 334 791 381 0
121 940 332 957 376 0
121 958 333 974 382 0
121 842 347 860 393 0
121 856 348 871 398 0
121 554 389 575 444 0
121 289 462 315 545 0
122 488 287 505 324 0
122 555 312 572 352 0
122 602 313 619 352 0
122 736 324 751 374 0
122 770 334 787 382 0
122 940 333 958 379 0
122 957 333 973 382 0
122 839 347 858 394 0
122 862 349 877 400 0
122 554 388 576 444 0
122 291 463 319 547 0
123 487 287 502 324 0
123 553 314 570 354 0
123 600 312 617 351 0
123 733 324 749 374 0
123 766 334 782 382 0
123 940 334 958 379 0
123 955 334 972 382 0
123 836 349 856 394 0
123 867 349 882 401 0
123 555 388 577 443 0
123 293 466 321 548 0
124 485 288 502 324 0
124 552 315 569 354 0
124 596 313 614 351 0
124 730 325 747 374 0
124 762 334 777 382 0
124 939 333 957 380 0
124 953 333 971 382 0
124 833 350 852 396 0
124 865 349 881 401 0
124 556 389 578 441 0
124 295 468 323 550 0
125 481 289 499 324 0
125 546 313 564 353 0
125 594 313 611 352 0
125 728 327 743 375 0
125 758 334 773 381 0
125 939 332 956 380 0
125 950 333 969 382 0
125 829 350 848 397 0
125 862 348 880 402 0
125 558 389 579 440 0
125 297 468 325 550 0
126 479 289 497 324 0
126 486 291 504 326 0
126 546 313 563 354 0
126 592 313 607 353 0
126 726 327 740 376 0
126 754 334 769 381 0
126 936 332 953 381 0
126 826 348 845 397 0
126 859 349 878 402 0
126 949 335 968 387 0
126 560 388 581 440 0
126 299 467 327 552 0
127 477 289 493 325 0
127 544 314 560 354 0
127 590 314 606 353 0
127 723 327 738 377 0
127 751 334 766 382 0
127 933 333 951 380 0
127 824 347 843 398 0
127 857 349 875 402 0
127 947 335 965 387 0
127 561 387 582 439 0
127 301 466 328 553 0
128 474 288 490 325 0
128 541 315 558 355 0
128 587 315 604 355 0
128 725 328 741 377 0
128 749 333 764 380 0
128 931 333 949 380 0
128 822 348 841 398 0
128 855 349 872 402 0
128 946 336 963 386 0
128 563 386 583 441 0
128 303 467 330 555 0
129 472 289 489 325 0
129 538 315 555 356 0
129 574 318 592 356 0
129 585 317 603 356 0
129 711 324 729 375 0
129 729 329 746 377 0
129 749 331 764 377 0
129 931 334 948 381 0
129 819 349 839 399 0
129 855 348 871 403 0
129 945 337 962 387 0
129 565 387 586 442 0
129 305 469 332 558 0
130 469 289 488 325 0
130 535 315 552 357 0
130 578 317 595 356 0
130 711 325 728 376 0
130 735 330 751 378 0
130 931 333 947 381 0
130 820 351 839 400 0
130 854 347 870 401 0
130 568 388 589 441 0
130 308 472 334 560 0
130 144 562 176 645 0
131 467 289 485 326 0
131 532 315 549 358 0
131 578 316 594 355 0
131 586 319 602 359 0
131 711 325 725 376 0
131 736 331 752 380 0
131 929 334 945 381 0
131 809 348 828 397 0
131 828 353 846 401 0
131 857 344 874 397 0
131 309 474 337 561 0
131 150 560 182 641 0
132 466 289 483 326 0
132 530 316 546 358 0
132 575 315 591 355 0
132 707 325 723 376 0
132 734 332 751 382 0
132 808 350 827 397 0
132 835 355 853 403 0
132 859 341 878 393 0
132 928 337 943 388 0
132 311 476 338 560 0
132 151 553 182 640 0
133 463 290 479 327 0
133 528 317 544 359 0
133 572 316 589 354 0
133 703 326 720 375 0
133 730 332 747 381 0
133 926 335 942 381 0
133 805 351 825 398 0
133 836 357 856 405 0
133 860 340 879 390 0
133 316 478 344 556 0
133 156 549 184 638 0
134 460 291 477 327 0
134 526 319 542 360 0
134 569 316 587 355 0
134 699 327 716 375 0
134 727 332 744 380 0
134 926 335 942 381 0
134 803 352 822 398 0
134 833 357 852 406 0
134 859 340 877 390 0
134 908 340 924 386 0
134 316 479 346 560 0
134 158 537 186 629 0
135 457 292 475 328 0
135 524 319 540 362 0
135 567 315 584 355 0
135 697 327 712 376 0
135 725 331 741 379 0
135 924 335 940 381 0
135 799 352 820 401 0
135 830 357 849 407 0
135 857 340 875 391 0
135 908 340 923 385 0
135 318 479 348 563 0
135 161 537 191 628 0
136 454 293 472 329 0
136 523 320 538 363 0
136 564 315 580 354 0
136 695 328 709 376 0
136 722 331 738 379 0
136 922 335 939 381 0
136 797 353 818 403 0
136 827 357 847 407 0
136 854 341 873 392 0
136 907 339 922 385 0
136 321 480 351 563 0
136 164 536 195 628 0
137 453 293 470 330 0
137 521 321 536 364 0
137 561 315 577 354 0
137 696 328 712 377 0
137 719 332 735 379 0
137 794 355 815 404 0
137 824 358 844 408 0
137 853 341 871 393 0
137 905 341 920 386 0
137 921 338 937 386 0
137 323 483 353 568 0
137 168 535 199 628 0
138 450 293 466 330 0
138 519 323 535 364 0
138 559 316 576 354 0
138 699 329 715 377 0
138 716 332 733 378 0
138 791 355 811 404 0
138 820 360 842 409 0
138 851 341 870 394 0
138 902 342 918 387 0
138 919 338 936 388 0
138 326 484 355 569 0
138 173 534 203 625 0
139 449 294 466 329 0
139 515 320 531 363 0
139 524 322 540 362 0
139 557 316 573 354 0
139 677 327 695 375 0
139 703 331 719 377 0
139 716 332 732 376 0
139 787 355 808 403 0
139 818 361 840 411 0
139 850 341 868 395 0
139 901 342 917 388 0
139 916 339 934 390 0
139 584 375 604 434 0
139 327 484 357 571 0
139 177 533 207 622 0
140 447 294 464 329 0
140 514 321 530 364 0
140 532 321 549 360 0
140 554 316 570 355 0
140 678 330 695 380 0
140 705 331 720 377 0
140 785 356 806 404 0
140 819 359 840 409 0
140 848 342 866 396 0
140 900 341 916 388 0
140 914 339 931 391 0
140 329 485 358 572 0
140 180 534 209 620 0
141 444 294 462 329 0
141 512 322 527 365 0
141 543 319 558 358 0
141 552 317 567 357 0
141 677 331 693 381 0
141 704 331 719 378 0
141 784 358 806 405 0
141 823 356 843 406 0
141 846 343 865 397 0
141 902 340 918 388 0
141 912 339 929 390 0
141 330 486 360 573 0
141 183 530 214 618 0
142 442 293 459 330 0
142 510 323 525 368 0
142 546 317 562 356 0
142 674 330 691 381 0
142 701 332 717 380 0
142 773 355 796 402 0
142 789 360 812 407 0
142 829 352 850 402 0
142 844 345 864 398 0
142 904 339 919 388 0
142 912 339 928 390 0
142 332 488 362 574 0
142 186 527 216 616 0
143 439 293 455 330 0
143 508 325 522 369 0
143 545 317 561 355 0
143 670 331 687 381 0
143 697 332 714 380 0
143 774 356 795 404 0
143 796 362 819 409 0
143 834 349 855 399 0
143 846 345 864 398 0
143 904 340 921 389 0
143 335 488 365 576 0
143 188 521 219 612 0
144 437 294 452 330 0
144 505 326 520 369 0
144 542 318 558 356 0
144 667 332 683 381 0
144 695 332 711 380 0
144 773 357 793 406 0
144 800 363 823 412 0
144 837 348 857 398 0
144 903 341 919 389 0
144 337 489 369 579 0
144 191 515 222 610 0
145 434 295 450 330 0
145 503 326 518 370 0
145 539 318 554 356 0
145 663 333 679 381 0
145 692 332 708 379 0
145 771 358 790 407 0
145 799 365 822 413 0
145 836 348 854 398 0
145 900 340 916 391 0
145 338 491 372 583 0
145 194 512 225 607 0
146 431 296 448 329 0
146 500 327 516 370 0
146 536 319 550 357 0
146 658 333 675 380 0
146 690 332 706 379 0
146 768 358 788 408 0
146 797 365 818 413 0
146 834 349 852 399 0
146 899 340 914 391 0
146 197 510 228 600 0
146 340 494 374 585 0
147 579 267 596 296 0
147 429 296 445 329 0
147 499 328 515 371 0
147 533 320 548 358 0
147 656 333 674 381 0
147 687 333 703 379 0
147 765 359 785 408 0
147 795 365 815 415 0
147 832 348 849 401 0
147 897 341 912 393 0
147 200 510 231 599 0
147 342 496 376 586 0
148 578 267 596 295 0
148 428 296 442 329 0
148 497 329 514 371 0
148 531 321 546 359 0
148 661 333 678 380 0
148 684 333 700 379 0
148 762 359 782 409 0
148 792 365 813 416 0
148 830 347 847 402 0
148 895 342 910 392 0
148 157 514 186 582 0
148 203 509 235 597 0
148 347 495 381 586 0
149 577 267 595 295 0
149 425 296 439 329 0
149 495 330 513 372 0
149 529 321 544 359 0
149 646 330 662 378 0
149 668 333 684 380 0
149 684 332 699 378 0
149 759 359 779 410 0
149 789 364 810 417 0
149 829 346 846 402 0
149 891 342 906 391 0
149 153 512 185 588 0
149 207 507 239 595 0
149 348 494 384 588 0
150 422 296 438 330 0
150 493 330 512 372 0
150 526 321 541 360 0
150 645 332 662 380 0
150 673 333 689 380 0
150 755 358 777 410 0
150 785 364 807 417 0
150 828 346 845 401 0
150 152 511 185 593 0
150 210 508 242 592 0
150 351 495 387 591 0
151 420 297 437 330 0
151 492 330 509 372 0
151 524 321 537 361 0
151 642 334 660 381 0
151 671 333 688 381 0
151 752 359 774 411 0
151 782 364 805 418 0
151 826 347 843 402 0
151 863 343 879 394 0
151 153 509 186 592 0
151 216 508 249 589 0
151 353 498 390 595 0
152 415 296 432 331 0
152 494 329 510 371 0
152 521 322 535 361 0
152 639 334 657 381 0
152 668 334 686 381 0
152 605 364 624 413 0
152 750 360 771 413 0
152 823 348 842 402 0
152 859 343 877 393 0
152 780 366 802 422 0
152 157 507 189 592 0
152 219 509 251 588 0
152 357 502 392 597 0
153 414 296 429 332 0
153 482 328 499 372 0
153 499 328 516 369 0
153 519 323 534 362 0
153 635 334 653 382 0
153 664 335 683 381 0
153 607 363 626 411 0
153 748 360 769 416 0
153 819 349 840 403 0
153 857 343 875 393 0
153 777 367 801 423 0
153 161 506 193 589 0
153 222 506 252 585 0
153 359 506 395 597 0
154 411 296 425 332 0
154 481 330 498 375 0
154 506 327 523 367 0
154 518 324 534 362 0
154 632 334 648 382 0
154 660 335 678 381 0
154 607 363 628 410 0
154 750 361 772 418 0
154 815 350 838 403 0
154 857 344 875 394 0
154 771 368 793 425 0
154 166 503 195 586 0
154 224 502 253 583 0
154 362 507 398 599 0
155 574 269 590 296 0
155 408 297 423 332 0
155 480 332 497 376 0
155 511 324 527 364 0
155 519 324 534 362 0
155 657 335 673 380 0
155 608 363 628 408 0
155 629 338 646 385 0
155 743 361 762 417 0
155 754 361 777 419 0
155 813 350 835 404 0
155 858 345 875 396 0
155 768 368 791 425 0
155 170 500 198 584 0
155 226 497 254 580 0
155 364 507 402 601 0
156 572 269 589 296 0
156 405 298 421 333 0
156 479 333 495 377 0
156 510 323 525 364 0
156 653 334 670 380 0
156 608 362 629 408 0
156 624 339 641 386 0
156 741 362 760 418 0
156 812 350 832 404 0
156 858 345 874 396 0
156 765 367 787 424 0
156 173 498 200 582 0
156 228 495 255 577 0
156 367 506 406 604 0
157 571 269 588 296 0
157 402 298 418 333 0
157 476 334 494 377 0
157 507 323 523 363 0
157 632 334 649 382 0
157 651 334 668 380 0
157 610 358 630 407 0
157 620 341 638 391 0
157 738 362 757 419 0
157 813 350 832 404 0
157 856 345 873 395 0
157 762 368 784 425 0
157 176 498 204 582 0
157 230 493 258 575 0
157 372 511 409 608 0
158 570 268 587 295 0
158 399 298 414 334 0
158 474 334 492 377 0
158 503 324 521 363 0
158 639 333 655 381 0
158 650 333 667 380 0
158 611 355 631 407 0
158 621 342 639 394 0
158 735 362 754 420 0
158 807 352 829 405 0
158 822 349 842 403 0
158 855 345 873 397 0
158 758 370 780 427 0
158 178 498 206 580 0
158 232 492 260 575 0
158 375 512 409 608 0
159 570 268 586 295 0
159 397 298 411 334 0
159 471 333 491 377 0
159 500 324 518 363 0
159 643 332 660 381 0
159 650 332 667 379 0
159 612 353 632 407 0
159 625 342 644 395 0
159 733 362 752 421 0
159 804 352 826 408 0
159 833 347 851 401 0
159 857 346 875 399 0
159 754 371 777 428 0
159 185 496 214 574 0
159 234 489 264 574 0
159 380 514 413 610 0
160 569 267 585 296 0
160 470 332 489 377 0
160 498 323 515 363 0
160 642 332 659 380 0
160 612 354 631 406 0
160 730 363 750 419 0
160 802 352 823 407 0
160 840 347 858 399 0
160 857 347 875 400 0
160 752 372 773 428 0
160 187 494 216 573 0
160 236 488 266 572 0
160 382 514 416 611 0
161 568 267 584 296 0
161 468 331 487 377 0
161 496 323 512 364 0
161 639 332 656 380 0
161 611 352 631 403 0
161 624 345 642 395 0
161 800 352 821 406 0
161 840 348 857 398 0
161 856 348 874 398 0
161 728 367 749 421 0
161 750 372 771 429 0
161 189 491 218 571 0
161 238 487 269 570 0
161 386 516 419 614 0
162 567 267 583 297 0
162 466 332 483 377 0
162 493 324 510 363 0
162 635 333 654 380 0
162 609 348 630 397 0
162 619 348 638 397 0
162 797 352 819 406 0
162 840 348 856 399 0
162 854 349 871 397 0
162 727 368 747 423 0
162 747 373 769 431 0
162 192 490 220 571 0
162 241 487 270 570 0
162 390 516 422 617 0
163 566 267 582 296 0
163 464 333 481 378 0
163 490 325 508 364 0
163 630 333 650 381 0
163 605 344 625 392 0
163 618 350 638 399 0
163 794 352 818 408 0
163 839 349 855 399 0
163 852 349 869 397 0
163 727 369 748 426 0
163 745 373 769 432 0
163 195 488 222 570 0
163 244 486 273 569 0
163 394 519 425 618 0
164 565 267 581 296 0
164 488 326 505 365 0
164 625 333 645 383 0
164 460 338 478 383 0
164 599 340 619 389 0
164 619 347 639 398 0
164 791 353 816 409 0
164 836 349 854 401 0
164 850 350 867 400 0
164 726 370 748 428 0
164 746 373 771 433 0
164 245 481 272 563 0
164 198 487 226 567 0
164 396 522 428 617 0
165 564 267 580 296 0
165 466 333 482 377 0
165 486 325 503 364 0
165 458 338 476 383 0
165 594 340 612 388 0
165 619 346 639 400 0
165 789 354 813 410 0
165 833 350 852 402 0
165 848 350 865 402 0
165 725 371 748 430 0
165 246 479 274 562 0
165 202 488 230 565 0
165 398 525 431 620 0
166 563 267 579 296 0
166 467 331 482 377 0
166 486 323 503 364 0
166 457 337 473 385 0
166 590 339 607 388 0
166 619 344 639 400 0
166 787 354 809 410 0
166 833 350 850 402 0
166 847 350 863 402 0
166 711 370 730 428 0
166 724 373 747 431 0
166 205 482 231 558 0
166 250 477 277 555 0
166 401 526 434 624 0
167 563 267 578 296 0
167 467 331 482 376 0
167 455 337 471 385 0
167 587 340 603 387 0
167 620 345 640 400 0
167 784 355 805 412 0
167 833 350 850 401 0
167 847 348 862 401 0
167 710 371 730 428 0
167 724 375 747 434 0
167 208 481 233 558 0
167 251 476 277 554 0
167 404 528 438 630 0
168 562 267 577 295 0
168 468 330 484 374 0
168 600 334 615 380 0
168 453 338 470 385 0
168 582 341 596 387 0
168 588 340 604 387 0
168 622 346 641 400 0
168 782 355 803 413 0
168 834 349 851 401 0
168 847 347 862 401 0
168 707 374 729 429 0
168 722 377 747 436 0
168 210 480 235 559 0
168 237 476 264 554 0
168 253 476 279 555 0
168 406 531 441 633 0
169 561 266 577 294 0
169 468 329 485 371 0
169 603 334 618 380 0
169 452 340 470 385 0
169 581 342 595 385 0
169 592 340 608 385 0
169 624 347 642 400 0
169 780 357 802 413 0
169 833 350 851 402 0
169 705 375 728 429 0
169 720 378 745 437 0
169 212 478 238 556 0
169 228 475 256 553 0
169 255 475 281 555 0
169 413 531 447 634 0
170 561 266 576 294 0
170 467 327 483 370 0
170 602 333 618 379 0
170 448 341 465 387 0
170 578 343 593 386 0
170 625 348 643 400 0
170 779 358 801 412 0
170 833 351 852 404 0
170 703 375 725 430 0
170 718 379 741 437 0
170 221 474 248 552 0
170 258 475 284 555 0
170 416 533 451 635 0
171 560 266 574 294 0
171 465 326 481 370 0
171 599 333 618 380 0
171 446 341 463 387 0
171 575 343 591 386 0
171 626 348 643 399 0
171 775 358 795 414 0
171 787 357 808 410 0
171 830 351 849 404 0
171 702 376 724 431 0
171 715 380 737 438 0
171 221 473 247 552 0
171 260 474 286 552 0
171 419 535 454 635 0
172 559 267 574 294 0
172 463 325 479 368 0
172 596 334 616 380 0
172 444 342 461 388 0
172 571 342 587 387 0
172 627 347 645 397 0
172 773 359 794 414 0
172 797 355 817 408 0
172 830 352 848 404 0
172 702 377 725 435 0
172 712 380 735 440 0
172 223 471 248 551 0
172 263 473 288 549 0
172 422 535 456 638 0
173 559 267 574 294 0
173 461 325 478 368 0
173 592 334 612 381 0
173 442 342 459 389 0
173 567 342 584 387 0
173 629 347 646 395 0
173 769 359 792 415 0
173 807 352 826 407 0
173 828 351 845 404 0
173 701 378 728 438 0
173 226 471 250 550 0
173 265 473 290 547 0
173 425 539 460 644 0
174 558 267 574 294 0
174 459 325 477 368 0
174 589 335 608 382 0
174 441 344 458 391 0
174 562 342 580 387 0
174 630 346 648 395 0
174 764 360 790 416 0
174 806 352 825 408 0
174 827 352 844 404 0
174 699 379 726 439 0
174 714 381 738 441 0
174 228 471 253 548 0
174 267 471 292 546 0
174 429 542 461 646 0
175 559 267 573 294 0
175 446 333 462 378 0
175 456 325 474 369 0
175 586 335 604 382 0
175 440 342 458 390 0
175 559 342 576 387 0
175 632 346 649 394 0
175 761 360 787 416 0
175 803 354 822 409 0
175 825 353 843 406 0
175 696 379 722 440 0
175 231 469 257 546 0
175 269 468 294 545 0
175 432 546 465 646 0
176 558 267 573 294 0
176 447 333 462 379 0
176 457 324 474 368 0
176 584 335 602 381 0
176 441 340 457 390 0
176 557 342 573 387 0
176 634 346 650 393 0
176 759 360 784 416 0
176 800 355 820 409 0
176 823 354 841 408 0
176 693 378 716 440 0
176 233 467 259 544 0
176 271 467 297 542 0
176 435 548 469 648 0
177 558 268 572 294 0
177 448 332 462 378 0
177 575 336 590 379 0
177 584 335 602 380 0
177 440 338 455 390 0
177 560 341 575 386 0
177 637 343 652 391 0
177 756 360 779 417 0
177 797 355 817 409 0
177 820 356 839 408 0
177 690 380 714 442 0
177 235 466 260 542 0
177 273 467 299 540 0
177 437 547 473 652 0
178 557 268 572 294 0
178 346 313 361 348 0
178 445 332 459 377 0
178 575 336 591 379 0
178 587 334 604 377 0
178 565 340 580 385 0
178 639 341 654 390 0
178 753 360 775 417 0
178 795 355 814 409 0
178 818 355 836 408 0
178 686 381 712 443 0
178 237 466 261 541 0
178 275 468 300 538 0
178 445 552 484 658 0
179 557 267 571 294 0
179 442 332 457 377 0
179 572 336 588 379 0
179 641 340 657 389 0
179 750 361 772 418 0
179 792 354 812 408 0
179 816 356 834 408 0
179 682 381 708 445 0
179 240 466 263 540 0
179 278 467 303 538 0
179 447 554 487 657 0
180 557 267 571 294 0
180 438 331 453 376 0
180 570 336 585 379 0
180 642 341 659 390 0
180 748 361 770 418 0
180 791 354 812 408 0
180 813 357 833 409 0
180 680 382 705 445 0
180 243 465 267 537 0
180 279 464 304 537 0
180 452 555 489 658 0
181 557 267 571 293 0
181 567 339 582 382 0
181 644 340 661 390 0
181 748 362 769 418 0
181 792 356 815 409 0
181 812 358 832 410 0
181 674 383 699 445 0
181 740 369 761 431 0
181 245 465 271 534 0
181 283 461 311 536 0
181 458 556 492 660 0
182 557 267 571 293 0
182 563 339 579 382 0
182 645 339 662 390 0
182 742 361 761 419 0
182 753 361 773 416 0
182 793 357 815 410 0
182 811 359 832 409 0
182 673 385 698 448 0
182 247 464 273 533 0
182 265 461 294 534 0
182 284 458 312 534 0
182 464 556 496 664 0
183 557 267 571 293 0
183 532 345 547 392 0
183 559 339 576 382 0
183 647 338 662 389 0
183 762 358 782 415 0
183 793 357 813 411 0
183 671 387 696 451 0
183 740 365 760 425 0
183 248 462 273 533 0
183 286 457 314 533 0
183 468 559 500 667 0
184 557 266 570 293 0
184 529 345 544 391 0
184 556 339 572 383 0
184 648 339 662 388 0
184 771 357 791 414 0
184 793 358 812 412 0
184 667 388 693 452 0
184 737 365 758 425 0
184 254 459 281 532 0
184 289 457 316 531 0
184 471 562 504 669 0
184 483 584 514 672 0
185 556 266 570 293 0
185 527 346 541 391 0
185 553 338 570 383 0
185 650 340 665 388 0
185 774 357 793 416 0
185 794 358 812 414 0
185 664 388 689 452 0
185 734 365 756 425 0
185 254 457 281 530 0
185 292 456 318 530 0
185 478 565 513 670 0
186 556 266 569 293 0
186 326 314 340 348 0
186 544 336 559 378 0
186 515 348 531 396 0
186 529 345 543 390 0
186 551 340 568 383 0
186 650 340 665 388 0
186 772 359 792 417 0
186 794 359 812 414 0
186 662 387 685 452 0
186 731 365 753 426 0
186 254 453 281 524 0
186 291 452 319 525 0
186 481 567 517 668 0
187 555 266 568 293 0
187 319 316 332 349 0
187 324 314 338 347 0
187 543 337 560 379 0
187 515 347 531 396 0
187 533 344 548 388 0
187 552 344 569 386 0
187 650 339 666 386 0
187 770 361 790 417 0
187 792 360 810 414 0
187 660 389 681 453 0
187 728 366 749 427 0
187 256 453 281 522 0
187 292 449 322 521 0
187 485 567 521 668 0
188 554 266 568 293 0
188 319 315 332 348 0
188 514 348 530 395 0
188 535 343 550 386 0
188 651 339 666 384 0
188 767 360 787 417 0
188 790 360 807 414 0
188 656 391 677 453 0
188 724 366 745 430 0
188 257 453 282 521 0
188 294 448 324 518 0
188 490 567 528 670 0
189 554 266 567 293 0
189 317 314 330 348 0
189 510 348 527 396 0
189 534 341 549 387 0
189 652 338 667 383 0
189 765 359 784 418 0
189 786 361 804 416 0
189 652 391 673 453 0
189 720 368 742 431 0
189 259 452 284 522 0
189 296 447 327 518 0
189 495 575 536 679 0
190 553 266 567 293 0
190 314 315 329 348 0
190 507 348 522 397 0
190 531 341 546 388 0
190 653 338 668 384 0
190 762 359 782 418 0
190 783 362 801 418 0
190 649 390 669 451 0
190 717 370 740 432 0
190 262 450 287 521 0
190 299 448 329 519 0
190 498 573 542 681 0
191 553 266 566 293 0
191 311 315 327 348 0
191 653 335 669 381 0
191 502 348 518 398 0
191 530 342 545 388 0
191 762 359 782 419 0
191 780 362 799 419 0
191 643 391 665 453 0
191 715 371 737 432 0
191 266 446 291 519 0
191 301 448 333 519 0
191 503 578 555 684 0
192 553 266 566 293 0
192 308 316 324 350 0
192 654 334 670 381 0
192 498 349 514 398 0
192 527 343 542 387 0
192 761 360 782 418 0
192 779 361 798 419 0
192 641 391 663 454 0
192 713 372 735 433 0
192 269 444 295 517 0
192 305 447 336 517 0
192 507 576 559 685 0
193 553 267 566 293 0
193 305 316 320 352 0
193 655 333 672 381 0
193 495 350 511 398 0
193 524 344 539 387 0
193 779 360 798 418 0
193 638 392 661 455 0
193 708 373 731 432 0
193 766 363 788 426 0
193 272 443 297 515 0
193 308 447 339 516 0
193 512 577 566 689 0
194 553 267 566 294 0
194 656 333 673 381 0
194 499 348 515 396 0
194 521 343 536 387 0
194 757 360 775 419 0
194 634 393 658 454 0
194 705 374 729 433 0
194 722 370 743 431 0
194 766 363 786 426 0
194 274 445 299 514 0
194 311 448 340 516 0
194 516 580 575 692 0
195 553 266 566 294 0
195 656 333 674 381 0
195 505 346 519 392 0
195 520 343 535 389 0
195 742 359 761 420 0
195 701 374 726 434 0
195 732 367 752 428 0
195 762 363 782 426 0
195 627 396 654 459 0
195 276 445 302 513 0
195 316 446 343 509 0
195 520 584 582 696 0
196 553 267 566 293 0
196 657 333 674 380 0
196 482 352 497 400 0
196 510 344 525 388 0
196 519 345 535 390 0
196 742 361 761 420 0
196 698 375 723 434 0
196 759 363 779 425 0
196 623 397 652 460 0
196 279 444 304 512 0
196 307 444 333 511 0
196 318 442 343 507 0
196 529 586 594 697 0
197 553 267 566 293 0
197 657 331 675 378 0
197 479 352 496 399 0
197 508 344 524 388 0
197 741 362 760 420 0
197 696 376 719 434 0
197 757 364 776 426 0
197 620 399 650 460 0
197 281 441 306 511 0
197 298 441 324 510 0
197 320 438 345 505 0
197 534 586 597 699 0
198 552 267 566 294 0
198 657 330 676 377 0
198 476 352 494 399 0
198 506 344 521 389 0
198 693 376 715 434 0
198 739 366 756 425 0
198 755 365 773 426 0
198 618 400 646 459 0
198 291 439 315 509 0
198 323 436 348 503 0
198 542 587 598 701 0
199 552 267 566 293 0
199 659 329 677 376 0
199 472 351 490 400 0
199 502 343 516 390 0
199 690 376 711 435 0
199 737 366 753 425 0
199 753 366 772 427 0
199 616 400 642 461 0
199 291 440 316 509 0
199 325 436 350 502 0
199 549 590 605 703 0
200 552 266 566 293 0
200 661 329 678 376 0
200 469 352 486 400 0
200 498 342 513 390 0
200 687 377 708 436 0
200 734 366 750 424 0
200 751 366 770 428 0
200 615 400 639 463 0
200 294 441 316 508 0
200 328 437 352 502 0
200 556 591 609 706 0
201 552 266 566 292 0
201 663 329 678 376 0
201 466 353 484 400 0
201 494 342 510 389 0
201 684 377 705 436 0
201 733 368 749 424 0
201 749 368 768 429 0
201 615 403 638 466 0
201 296 441 317 507 0
201 330 436 354 502 0
201 558 589 613 707 0
202 552 266 566 292 0
202 664 329 679 376 0
202 462 354 481 400 0
202 491 343 507 389 0
202 682 378 702 437 0
202 735 369 752 426 0
202 747 368 766 431 0
202 297 441 317 507 0
202 332 434 355 501 0
202 572 592 624 705 0
203 552 265 566 292 0
203 665 328 679 374 0
203 466 351 483 399 0
203 487 342 504 390 0
203 682 378 700 439 0
203 735 370 753 427 0
203 747 370 766 433 0
203 300 440 322 505 0
203 334 431 357 500 0
203 582 598 620 700 0
204 550 264 562 292 0
204 666 328 680 373 0
204 448 357 465 404 0
204 470 347 486 396 0
204 486 342 502 390 0
204 682 377 700 439 0
204 735 371 754 429 0
204 301 439 326 504 0
204 336 430 359 500 0
204 589 599 625 702 0
205 549 264 562 292 0
205 667 326 681 372 0
205 448 357 465 403 0
205 475 344 491 392 0
205 486 343 503 392 0
205 676 378 694 437 0
205 691 376 709 436 0
205 732 371 750 430 0
205 301 436 329 502 0
205 337 430 361 500 0
205 590 606 640 715 0
206 549 264 562 293 0
206 667 326 682 372 0
206 447 357 464 401 0
206 475 343 491 390 0
206 671 379 692 438 0
206 700 374 718 434 0
206 730 371 748 431 0
206 303 434 330 500 0
206 340 429 364 498 0
206 604 604 654 716 0
207 668 325 683 372 0
207 444 356 460 401 0
207 473 343 489 390 0
207 668 380 688 438 0
207 729 371 746 432 0
207 307 432 331 498 0
207 343 428 367 496 0
207 609 603 655 719 0
208 360 332 376 372 0
208 669 324 684 371 0
208 442 355 458 403 0
208 469 344 486 391 0
208 665 380 684 440 0
208 705 373 722 432 0
208 727 372 744 433 0
208 311 431 333 496 0
208 346 427 369 494 0
208 617 603 660 719 0
209 358 333 374 372 0
209 671 322 685 371 0
209 466 344 481 391 0
209 359 367 375 423 0
209 663 380 680 442 0
209 702 373 718 432 0
209 725 374 742 435 0
209 346 425 368 488 0
209 313 431 335 494 0
209 622 607 666 719 0
210 356 334 372 373 0
210 672 322 685 370 0
210 462 344 478 392 0
210 358 368 374 422 0
210 660 381 677 442 0
210 699 371 715 432 0
210 723 376 740 437 0
210 346 425 366 487 0
210 315 430 337 494 0
210 334 429 356 493 0
210 622 611 677 717 0
211 346 332 362 371 0
211 355 334 371 373 0
211 673 323 686 370 0
211 459 344 475 392 0
211 358 368 372 421 0
211 657 382 676 442 0
211 697 372 714 432 0
211 719 377 737 438 0
211 340 425 359 487 0
211 314 429 337 496 0
211 327 428 348 494 0
211 355 431 375 489 0
211 620 616 685 715 0
212 347 334 363 372 0
212 355 332 372 372 0
212 674 323 687 369 0
212 444 348 462 397 0
212 455 345 472 393 0
212 357 368 371 421 0
212 653 383 674 442 0
212 697 374 716 433 0
212 716 378 735 438 0
212 332 425 353 488 0
212 313 431 336 497 0
212 323 427 345 494 0
212 357 430 377 489 0
212 639 620 689 719 0
213 345 333 362 371 0
213 675 322 689 368 0
213 453 346 471 394 0
213 356 369 369 421 0
213 651 383 671 442 0
213 699 377 718 435 0
213 714 378 732 439 0
213 358 426 378 485 0
213 326 426 348 493 0
213 648 621 697 719 0
214 343 333 360 370 0
214 677 321 690 367 0
214 446 347 463 393 0
214 454 346 471 395 0
214 356 373 370 423 0
214 645 384 663 446 0
214 657 382 676 441 0
214 701 379 719 435 0
214 714 379 731 440 0
214 327 425 349 487 0
214 360 425 381 484 0
214 657 619 705 719 0
215 341 332 357 371 0
215 678 321 691 366 0
215 443 346 460 393 0
215 349 372 365 419 0
215 643 385 662 446 0
215 666 379 683 438 0
215 701 380 719 437 0
215 714 379 732 441 0
215 329 425 351 487 0
215 362 425 383 484 0
216 340 331 355 371 0
216 679 321 692 366 0
216 441 346 457 394 0
216 346 372 362 418 0
216 640 387 660 447 0
216 675 377 692 436 0
216 702 382 721 438 0
216 330 426 353 486 0
216 363 424 385 482 0
217 680 321 693 366 0
217 342 370 358 418 0
217 636 388 658 447 0
217 675 377 692 435 0
217 700 383 721 439 0
217 332 425 355 486 0
217 365 423 387 480 0
218 680 320 694 365 0
218 339 370 355 420 0
218 633 388 653 449 0
218 672 377 689 436 0
218 697 383 717 440 0
218 334 423 358 484 0
218 367 421 389 479 0
219 336 328 348 368 0
219 681 318 694 364 0
219 336 370 353 422 0
219 629 388 648 451 0
219 668 377 685 437 0
219 694 384 712 442 0
219 336 420 359 483 0
219 369 420 391 478 0
220 335 331 346 368 0
220 683 319 697 365 0
220 334 373 351 423 0
220 625 389 643 453 0
220 665 378 681 439 0
220 692 384 709 442 0
220 338 418 361 480 0
220 370 419 392 477 0
221 331 335 342 371 0
221 683 317 698 366 0
221 332 375 350 426 0
221 622 390 640 453 0
221 663 379 679 440 0
221 688 385 705 442 0
221 340 417 363 480 0
221 371 420 394 476 0
222 327 337 339 374 0
222 684 317 698 365 0
222 317 348 332 385 0
222 331 378 349 428 0
222 619 391 638 453 0
222 662 381 679 440 0
222 685 384 701 442 0
222 343 416 366 478 0
222 371 417 395 475 0
223 326 337 338 374 0
223 685 316 698 364 0
223 318 344 333 380 0
223 330 378 349 430 0
223 623 392 642 453 0
223 662 383 680 440 0
223 683 383 699 442 0
223 345 415 368 477 0
223 371 413 396 474 0
223 537 419 556 480 0
223 606 402 626 462 0
224 686 316 699 363 0
224 318 343 332 379 0
224 328 378 347 428 0
224 631 389 650 450 0
224 663 383 680 441 0
224 684 382 698 441 0
224 346 415 370 475 0
224 370 409 395 472 0
224 532 418 554 483 0
224 609 398 628 462 0
224 622 397 641 459 0
225 317 340 330 376 0
225 686 315 700 363 0
225 326 377 344 428 0
225 640 386 658 447 0
225 663 383 680 442 0
225 347 416 371 475 0
225 366 410 390 473 0
225 529 418 554 484 0
225 610 398 629 460 0
226 314 339 327 374 0
226 687 314 701 362 0
226 323 378 342 428 0
226 643 384 662 445 0
226 662 383 680 445 0
226 348 416 371 474 0
226 360 412 384 473 0
226 527 417 551 482 0
226 606 398 626 461 0
227 552 263 566 289 0
227 312 339 326 373 0
227 688 313 702 361 0
227 316 377 334 428 0
227 325 380 343 431 0
227 641 384 660 445 0
227 661 383 680 446 0
227 354 412 378 474 0
227 526 418 549 481 0
227 602 399 623 462 0
228 552 263 566 289 0
228 308 339 324 372 0
228 688 313 703 361 0
228 361 364 375 409 0
228 314 378 332 428 0
228 329 381 347 431 0
228 638 385 657 446 0
228 659 385 678 447 0
228 354 411 377 472 0
228 524 418 546 482 0
228 598 399 617 463 0
229 552 263 566 290 0
229 306 338 322 372 0
229 688 313 704 360 0
229 358 364 372 409 0
229 311 379 329 428 0
229 636 387 653 446 0
229 656 385 674 447 0
229 357 410 377 471 0
229 523 417 544 483 0
229 594 398 612 464 0
230 552 263 566 290 0
230 304 335 318 370 0
230 689 313 705 360 0
230 349 364 364 407 0
230 356 365 370 408 0
230 308 379 326 428 0
230 632 387 651 447 0
230 652 387 671 448 0
230 359 410 377 468 0
230 520 417 543 483 0
230 591 398 608 464 0
231 552 263 566 290 0
231 690 313 706 360 0
231 355 364 369 407 0
231 304 379 323 429 0
231 632 387 649 447 0
231 650 388 668 450 0
231 360 410 378 467 0
231 517 418 542 484 0
231 589 400 605 464 0
231 798 666 865 719 0
232 552 263 566 290 0
232 691 313 708 359 0
232 348 364 364 409 0
232 357 363 372 407 0
232 300 379 320 432 0
232 631 388 650 447 0
232 649 388 666 450 0
232 361 410 379 466 0
232 517 419 541 485 0
232 588 404 603 465 0
232 805 671 875 719 0
233 553 262 566 290 0
233 693 313 708 358 0
233 344 366 362 409 0
233 297 378 317 434 0
233 631 389 650 446 0
233 651 387 667 447 0
233 361 410 381 466 0
233 518 421 541 485 0
233 572 407 589 462 0
233 813 683 878 719 0
234 553 262 566 289 0
234 694 312 710 357 0
234 341 366 358 408 0
234 295 378 316 435 0
234 630 390 649 447 0
234 361 408 384 465 0
234 507 418 527 481 0
234 519 422 541 485 0
234 572 407 588 466 0
235 553 262 567 289 0
235 695 312 711 357 0
235 339 362 355 408 0
235 292 378 315 438 0
235 630 390 649 449 0
235 362 407 388 466 0
235 502 420 523 480 0
235 519 424 542 486 0
235 572 407 588 470 0
236 553 262 567 288 0
236 696 312 711 356 0
236 336 360 353 408 0
236 609 391 628 449 0
236 630 390 648 451 0
236 498 420 519 479 0
236 519 425 543 487 0
236 568 408 586 473 0
237 553 262 567 287 0
237 696 312 712 355 0
237 332 361 351 410 0
237 358 357 376 403 0
237 608 391 628 448 0
237 628 391 646 451 0
237 494 420 515 479 0
237 520 425 542 488 0
237 565 409 584 473 0
237 862 682 933 719 0
238 552 261 568 286 0
238 697 312 713 355 0
238 328 364 348 409 0
238 355 356 373 401 0
238 624 391 643 452 0
238 490 420 511 479 0
238 562 409 581 472 0
238 520 428 542 491 0
238 871 687 941 719 0
239 552 261 568 286 0
239 172 327 188 362 0
239 698 311 715 355 0
239 331 362 349 407 0
239 354 357 372 400 0
239 622 392 641 449 0
239 486 420 508 480 0
239 557 409 578 473 0
239 520 428 542 493 0
239 890 692 959 719 0
240 552 261 568 286 0
240 170 326 185 361 0
240 699 309 716 355 0
240 317 364 334 408 0
240 338 360 354 404 0
240 354 357 370 400 0
240 484 421 506 481 0
240 553 408 574 476 0
240 521 428 544 493 0
240 895 692 965 719 0
241 168 327 182 361 0
241 700 309 717 355 0
241 316 366 334 409 0
241 344 358 360 402 0
241 354 357 370 399 0
241 483 421 507 480 0
241 550 411 573 481 0
241 520 428 544 493 0
241 903 695 973 719 0
242 165 328 180 361 0
242 701 310 718 355 0
242 313 367 332 409 0
242 346 358 361 400 0
242 477 423 498 481 0
242 486 421 510 479 0
242 548 413 571 482 0
242 520 430 544 494 0
242 929 696 992 719 0
243 163 328 178 362 0
243 702 310 718 355 0
243 310 367 329 409 0
243 343 356 357 401 0
243 265 389 290 442 0
243 474 423 495 483 0
243 530 423 555 485 0
243 548 413 571 477 0
243 520 431 543 495 0
243 939 697 999 719 0
244 160 327 176 362 0
244 703 310 719 355 0
244 306 366 324 410 0
244 340 353 353 400 0
244 263 392 288 446 0
244 470 424 492 483 0
244 536 421 558 483 0
244 554 412 575 471 0
244 519 433 542 497 0
245 159 326 173 362 0
245 704 309 720 355 0
245 304 362 320 408 0
245 336 350 348 399 0
245 260 392 285 447 0
245 465 424 489 484 0
245 536 419 557 483 0
245 518 434 541 499 0
246 155 324 170 362 0
246 705 309 721 355 0
246 333 351 344 398 0
246 258 392 281 447 0
246 461 424 485 484 0
246 536 418 556 486 0
246 517 434 540 500 0
247 154 324 168 362 0
247 706 309 721 354 0
247 329 351 340 397 0
247 257 391 278 446 0
247 456 424 480 485 0
247 534 416 554 487 0
247 517 433 539 501 0
248 152 325 167 363 0
248 706 309 722 354 0
248 315 356 332 400 0
248 325 353 338 398 0
248 257 391 276 443 0
248 440 417 459 471 0
248 452 425 475 485 0
248 532 416 552 489 0
248 442 441 462 487 0
248 518 432 541 504 0
249 149 324 164 363 0
249 707 307 723 353 0
249 318 356 334 399 0
249 256 392 275 443 0
249 450 425 472 484 0
249 531 414 551 489 0
249 518 433 541 507 0
250 145 325 160 362 0
250 708 307 724 352 0
250 317 357 333 399 0
250 248 396 269 441 0
250 257 392 276 441 0
250 445 429 466 483 0
250 518 434 542 509 0
251 142 326 157 362 0
251 709 306 725 351 0
251 314 357 331 399 0
251 246 397 269 444 0
251 258 391 278 439 0
251 442 433 463 486 0
251 517 436 541 508 0
252 138 327 156 362 0
252 709 306 725 351 0
252 240 346 256 383 0
252 311 358 328 399 0
252 244 397 266 446 0
252 437 432 458 487 0
252 518 434 542 507 0
253 710 303 726 348 0
253 236 347 253 384 0
253 307 358 324 400 0
253 241 397 263 448 0
253 431 432 454 489 0
253 511 438 535 512 0
254 711 303 726 347 0
254 234 346 251 384 0
254 303 358 320 402 0
254 237 398 260 448 0
254 526 410 547 490 0
254 510 439 534 514 0
255 712 304 726 347 0
255 232 345 248 385 0
255 299 358 316 402 0
255 233 399 256 448 0
255 527 409 547 489 0
255 510 438 534 516 0
256 712 304 727 346 0
256 232 345 248 385 0
256 230 400 253 454 0
256 528 410 547 484 0
256 509 437 534 517 0
257 713 304 727 346 0
257 228 399 250 455 0
257 526 411 545 482 0
257 508 437 533 518 0
258 716 309 731 349 0
258 426 387 446 448 0
258 226 399 249 455 0
258 506 437 532 520 0
259 716 306 731 344 0
259 429 387 448 446 0
259 224 401 248 456 0
259 505 438 531 523 0
260 716 306 731 344 0
260 240 365 263 409 0
260 231 385 256 436 0
260 432 386 449 446 0
260 224 405 249 457 0
260 504 438 531 525 0
261 715 306 731 344 0
261 237 364 258 411 0
261 434 383 450 445 0
261 212 408 237 459 0
261 503 440 530 526 0
262 716 306 732 344 0
262 233 361 253 411 0
262 436 382 451 443 0
262 211 406 235 462 0
262 534 414 554 474 0
262 502 443 528 528 0
263 716 306 733 344 0
263 229 358 249 409 0
263 437 382 452 441 0
263 210 403 234 464 0
263 533 415 552 475 0
263 499 455 524 532 0
264 717 305 733 343 0
264 225 357 247 409 0
264 438 383 453 439 0
264 207 405 232 466 0
264 528 416 548 480 0
264 517 427 540 500 0
264 495 455 521 533 0
265 718 305 734 342 0
265 224 358 245 409 0
265 440 383 455 438 0
265 205 407 230 467 0
265 523 416 545 485 0
265 492 455 518 533 0
266 719 304 735 342 0
266 440 383 457 438 0
266 203 409 228 468 0
266 513 412 531 487 0
266 521 416 544 488 0
266 489 455 516 534 0
267 720 303 735 342 0
267 440 381 458 437 0
267 200 409 226 468 0
267 513 412 531 485 0
267 522 416 545 487 0
267 375 443 394 492 0
267 488 456 514 537 0
268 721 302 736 342 0
268 442 381 460 436 0
268 198 408 225 469 0
268 512 412 530 483 0
268 523 416 544 483 0
268 371 443 391 493 0
268 487 459 513 541 0
269 721 302 736 341 0
269 445 381 462 433 0
269 453 379 469 432 0
269 195 407 222 471 0
269 510 412 529 482 0
269 523 416 543 481 0
269 367 445 387 494 0
269 487 462 512 544 0
270 721 302 737 341 0
270 447 379 463 431 0
270 192 407 218 472 0
270 510 413 528 482 0
270 522 416 542 483 0
270 363 446 384 497 0
270 485 466 511 545 0
271 721 301 737 340 0
271 247 355 265 400 0
271 445 377 461 430 0
271 454 378 469 430 0
271 191 408 215 472 0
271 508 414 527 483 0
271 359 445 381 499 0
271 525 426 549 499 0
271 482 467 510 545 0
272 721 301 737 340 0
272 194 360 210 414 0
272 246 357 265 399 0
272 440 376 455 428 0
272 455 377 470 429 0
272 190 409 213 472 0
272 507 415 525 483 0
272 521 419 542 488 0
272 356 445 378 502 0
272 480 467 509 545 0
273 721 301 737 340 0
273 191 361 208 413 0
273 242 356 261 399 0
273 437 376 452 427 0
273 456 377 471 428 0
273 188 409 211 473 0
273 504 416 523 482 0
273 522 420 543 488 0
273 353 447 375 503 0
273 476 468 504 546 0
274 722 301 738 340 0
274 190 361 207 412 0
274 238 355 257 399 0
274 435 375 450 427 0
274 458 376 473 428 0
274 184 412 207 475 0
274 502 417 522 484 0
274 521 419 542 488 0
274 351 450 374 506 0
274 528 426 553 501 0
274 475 469 502 549 0
275 722 301 738 339 0
275 185 362 203 411 0
275 236 355 254 399 0
275 459 375 474 428 0
275 182 415 205 477 0
275 501 419 522 485 0
275 519 420 540 488 0
275 345 450 368 506 0
275 530 429 555 503 0
275 473 470 500 551 0
276 723 301 738 339 0
276 183 363 201 412 0
276 233 354 251 399 0
276 460 373 476 427 0
276 181 417 202 478 0
276 499 420 521 488 0
276 517 420 539 489 0
276 341 451 364 508 0
276 534 431 559 506 0
276 470 471 498 552 0
277 723 300 738 339 0
277 180 360 197 410 0
277 231 354 247 398 0
277 462 372 478 426 0
277 179 417 200 480 0
277 497 421 519 487 0
277 517 419 538 489 0
277 337 452 359 510 0
277 535 433 561 509 0
277 469 472 495 554 0
278 723 300 739 338 0
278 176 358 194 411 0
278 228 354 245 399 0
278 463 371 480 425 0
278 177 417 198 482 0
278 496 421 518 487 0
278 517 419 537 490 0
278 332 453 355 511 0
278 538 434 562 511 0
278 467 473 493 557 0
279 722 299 738 336 0
279 173 353 192 406 0
279 226 353 243 399 0
279 466 371 481 425 0
279 174 420 195 483 0
279 495 421 517 488 0
279 517 419 537 489 0
279 329 454 351 513 0
279 539 436 562 511 0
279 466 475 491 561 0
280 721 298 737 335 0
280 171 352 190 405 0
280 224 350 242 400 0
280 443 370 457 426 0
280 468 370 484 424 0
280 171 422 193 484 0
280 494 422 517 490 0
280 518 419 537 490 0
280 325 454 348 515 0
280 540 436 563 512 0
280 464 477 489 562 0
281 721 297 735 334 0
281 168 349 186 398 0
281 223 347 242 400 0
281 166 370 183 421 0
281 443 371 457 425 0
281 471 369 487 422 0
281 167 423 189 484 0
281 493 422 516 491 0
281 518 419 537 490 0
281 322 455 345 517 0
281 538 435 561 511 0
281 548 440 571 514 0
281 461 478 488 561 0
282 721 297 735 334 0
282 165 349 182 395 0
282 443 370 458 424 0
282 474 368 490 421 0
282 164 422 186 485 0
282 493 422 516 492 0
282 519 419 538 492 0
282 319 456 343 519 0
282 534 433 558 509 0
282 547 440 572 515 0
282 457 479 486 560 0
283 721 297 736 334 0
283 162 350 180 394 0
283 475 365 492 417 0
283 158 372 176 423 0
283 444 369 459 423 0
283 160 422 183 487 0
283 520 419 539 493 0
283 313 456 337 519 0
283 492 425 517 495 0
283 529 429 552 504 0
283 548 440 574 516 0
283 452 480 485 561 0
284 721 296 736 334 0
284 161 350 178 395 0
284 476 365 493 417 0
284 153 371 170 424 0
284 445 368 461 422 0
284 158 422 180 488 0
284 493 424 517 496 0
284 524 425 548 501 0
284 547 441 577 519 0
284 312 461 337 526 0
284 449 480 482 562 0
285 721 296 735 333 0
285 476 365 494 417 0
285 151 372 168 425 0
285 159 375 178 425 0
285 446 367 463 421 0
285 156 421 178 489 0
285 493 425 516 496 0
285 522 422 546 500 0
285 549 443 579 521 0
285 310 461 334 527 0
285 447 480 482 562 0
286 721 296 735 333 0
286 446 365 465 417 0
286 478 364 496 416 0
286 146 371 164 426 0
286 493 426 516 498 0
286 523 424 545 500 0
286 552 445 582 523 0
286 308 462 331 530 0
286 439 487 473 569 0
287 720 296 735 333 0
287 448 365 465 417 0
287 477 364 495 415 0
287 486 363 502 412 0
287 468 366 486 421 0
287 493 428 516 500 0
287 523 426 545 499 0
287 557 446 585 525 0
287 305 463 327 534 0
287 437 486 468 569 0
288 720 295 734 333 0
288 449 364 465 416 0
288 470 364 487 415 0
288 485 364 502 413 0
288 494 430 516 501 0
288 523 428 546 499 0
288 560 448 587 525 0
288 303 464 325 535 0
288 435 484 463 572 0
289 719 294 734 332 0
289 449 363 466 416 0
289 461 365 479 415 0
289 487 365 503 414 0
289 494 431 516 501 0
289 523 430 547 499 0
289 563 449 588 525 0
289 300 465 322 535 0
289 432 484 457 576 0
290 718 294 733 331 0
290 454 364 473 414 0
290 489 364 504 413 0
290 494 432 517 502 0
290 524 431 548 501 0
290 563 449 588 524 0
290 296 466 320 535 0
290 428 485 454 580 0
291 717 293 733 330 0
291 454 363 473 413 0
291 492 363 506 412 0
291 495 432 517 503 0
291 524 432 548 503 0
291 563 448 589 524 0
291 293 467 317 535 0
291 424 488 452 580 0
292 717 293 732 330 0
292 192 355 207 399 0
292 455 363 474 411 0
292 494 361 507 411 0
292 495 433 517 505 0
292 524 432 547 507 0
292 291 469 315 536 0
292 421 491 449 579 0
293 717 293 732 330 0
293 190 355 206 399 0
293 457 362 475 411 0
293 495 361 509 410 0
293 496 433 518 507 0
293 523 432 546 510 0
293 288 470 313 538 0
293 417 492 446 579 0
294 717 293 732 329 0
294 189 355 206 399 0
294 459 361 476 410 0
294 496 360 509 409 0
294 497 434 518 507 0
294 524 433 546 510 0
294 285 470 310 541 0
294 414 494 444 581 0
295 717 292 731 329 0
295 186 354 203 398 0
295 460 360 478 409 0
295 497 360 510 408 0
295 497 434 518 507 0
295 524 433 546 511 0
295 281 470 305 543 0
295 407 496 439 582 0
296 716 292 731 329 0
296 184 354 200 399 0
296 462 360 479 408 0
296 497 358 510 407 0
296 497 435 519 509 0
296 525 434 547 512 0
296 279 472 303 545 0
296 402 497 436 585 0
297 716 292 730 329 0
297 181 353 197 399 0
297 463 359 481 407 0
297 498 356 512 406 0
297 497 437 519 512 0
297 525 434 547 514 0
297 277 474 301 547 0
297 399 496 431 587 0
298 716 292 730 329 0
298 178 354 195 399 0
298 465 360 484 408 0
298 499 355 514 406 0
298 496 439 519 514 0
298 525 436 547 515 0
298 275 475 299 549 0
298 395 497 425 591 0
299 714 289 728 326 0
299 176 355 193 399 0
299 467 359 486 408 0
299 501 354 515 405 0
299 495 441 519 515 0
299 525 437 547 515 0
299 271 477 296 549 0
299 152 503 183 580 0
299 392 499 420 594 0
300 714 289 727 326 0
300 175 355 191 398 0
300 470 357 489 408 0
300 502 354 516 405 0
300 496 442 519 515 0
300 525 439 547 515 0
300 267 478 293 550 0
300 149 497 184 585 0
300 388 502 416 596 0
301 714 289 726 325 0
301 472 355 490 406 0
301 504 353 518 404 0
301 495 443 519 517 0
301 525 441 548 517 0
301 263 480 290 550 0
301 152 495 186 585 0
301 383 505 413 598 0
302 713 289 726 325 0
302 474 354 492 405 0
302 506 353 520 402 0
302 495 445 519 521 0
302 524 442 548 520 0
302 260 481 287 551 0
302 155 494 187 583 0
302 382 507 411 595 0
303 713 289 726 325 0
303 476 354 493 404 0
303 507 352 521 401 0
303 495 447 519 524 0
303 523 443 548 523 0
303 258 483 283 553 0
303 159 492 189 581 0
303 372 510 403 597 0
304 712 289 726 325 0
304 164 355 181 398 0
304 478 353 495 403 0
304 507 353 522 400 0
304 497 449 520 526 0
304 524 445 548 525 0
304 255 484 280 555 0
304 162 489 191 577 0
304 368 510 400 598 0
305 712 289 725 324 0
305 161 356 178 397 0
305 480 353 497 402 0
305 507 353 522 400 0
305 498 450 521 527 0
305 525 446 548 526 0
305 253 484 278 556 0
305 614 464 645 552 0
305 165 487 194 572 0
305 243 493 270 565 0
305 363 515 398 603 0
306 711 288 724 324 0
306 159 356 175 397 0
306 481 352 499 400 0
306 506 353 521 398 0
306 497 450 519 527 0
306 526 447 549 527 0
306 245 484 271 557 0
306 614 465 646 555 0
306 168 486 197 571 0
306 358 516 393 604 0
307 710 288 724 323 0
307 158 356 174 396 0
307 481 351 500 399 0
307 505 351 520 397 0
307 495 449 518 528 0
307 526 447 549 528 0
307 243 485 269 558 0
307 618 463 649 555 0
307 171 487 200 570 0
307 353 517 387 604 0
308 710 288 723 323 0
308 481 351 501 399 0
308 503 350 519 397 0
308 526 446 549 531 0
308 493 450 518 536 0
308 620 464 651 558 0
308 173 486 203 571 0
308 240 489 266 563 0
308 349 520 380 606 0
309 709 287 722 323 0
309 152 353 167 395 0
309 481 350 501 401 0
309 188 481 215 553 0
309 493 451 517 537 0
309 526 449 550 536 0
309 623 466 654 560 0
309 176 484 207 570 0
309 236 489 263 564 0
309 342 521 371 610 0
310 708 287 721 323 0
310 149 353 164 395 0
310 492 451 516 538 0
310 526 449 550 537 0
310 625 467 655 560 0
310 177 483 208 570 0
310 231 491 259 566 0
310 338 523 369 615 0
311 707 286 721 323 0
311 145 354 161 395 0
311 184 478 215 561 0
311 491 452 516 538 0
311 526 450 549 537 0
311 628 470 657 560 0
311 228 491 256 567 0
311 332 524 365 618 0
312 706 286 720 323 0
312 143 353 158 395 0
312 186 478 216 563 0
312 489 453 516 540 0
312 525 450 548 537 0
312 629 471 659 561 0
312 224 492 252 569 0
312 327 524 359 618 0
313 705 286 719 322 0
313 141 353 157 395 0
313 190 475 217 561 0
313 488 456 516 541 0
313 525 451 548 538 0
313 630 474 664 563 0
313 220 492 249 571 0
313 321 525 353 617 0
314 705 287 718 322 0
314 140 352 156 395 0
314 518 344 534 392 0
314 194 473 219 560 0
314 488 458 515 541 0
314 525 454 548 539 0
314 632 476 668 564 0
314 204 486 234 572 0
314 218 494 247 575 0
314 315 525 348 618 0
315 704 287 717 322 0
315 137 352 154 396 0
315 519 344 534 392 0
315 197 471 224 562 0
315 487 460 514 542 0
315 525 457 549 542 0
315 634 478 671 564 0
315 209 486 240 576 0
315 307 529 341 619 0
316 704 286 717 321 0
316 134 353 151 395 0
316 503 345 519 392 0
316 520 345 535 392 0
316 484 460 512 542 0
316 524 460 550 545 0
316 640 478 676 564 0
316 209 485 240 577 0
316 304 530 336 621 0
317 703 286 717 320 0
317 131 353 147 395 0
317 501 345 519 391 0
317 520 346 536 391 0
317 481 461 510 544 0
317 524 462 552 548 0
317 642 478 678 565 0
317 208 487 239 579 0
317 299 531 328 622 0
318 703 285 717 320 0
318 500 344 518 390 0
318 521 345 537 390 0
318 479 463 508 546 0
318 524 464 551 547 0
318 207 493 238 582 0
318 644 480 679 573 0
318 295 533 322 626 0
319 701 285 716 320 0
319 499 344 518 391 0
319 521 345 539 390 0
319 477 466 504 547 0
319 524 465 551 548 0
319 204 499 234 584 0
319 648 481 682 575 0
319 289 535 317 630 0
320 700 284 715 320 0
320 500 344 518 391 0
320 522 345 540 390 0
320 211 463 240 556 0
320 476 468 502 547 0
320 523 466 550 550 0
320 201 500 231 583 0
320 651 482 686 576 0
320 285 537 314 633 0
321 699 284 715 320 0
321 501 343 519 391 0
321 524 344 541 390 0
321 166 404 188 461 0
321 218 463 245 546 0
321 473 468 499 548 0
321 522 468 549 551 0
321 198 503 228 583 0
321 654 484 689 577 0
321 275 539 306 633 0
322 502 343 519 390 0
322 524 343 542 389 0
322 168 403 191 459 0
322 218 461 246 546 0
322 470 469 497 549 0
322 521 470 548 552 0
322 196 506 226 586 0
322 656 484 692 578 0
322 270 539 302 635 0
322 285 541 313 624 0
323 503 343 520 389 0
323 525 341 543 388 0
323 170 403 193 458 0
323 221 461 248 546 0
323 468 470 495 550 0
323 520 471 547 551 0
323 194 511 224 590 0
323 658 487 697 579 0
323 265 545 298 639 0
324 115 350 133 393 0
324 504 343 521 389 0
324 526 340 543 387 0
324 173 405 195 457 0
324 224 460 250 546 0
324 465 472 493 552 0
324 518 471 547 551 0
324 192 513 221 593 0
324 659 490 701 581 0
324 258 546 291 640 0
325 694 283 708 318 0
325 112 351 130 395 0
325 505 343 521 388 0
325 526 340 543 386 0
325 179 406 198 457 0
325 227 460 252 542 0
325 463 473 491 554 0
325 517 472 546 553 0
325 190 516 219 594 0
325 663 493 704 581 0
325 252 548 286 641 0
326 693 282 707 318 0
326 110 350 129 396 0
326 506 342 522 387 0
326 527 339 544 385 0
326 182 407 200 457 0
326 230 458 255 537 0
326 460 475 488 558 0
326 515 475 544 557 0
326 666 496 705 582 0
326 189 518 216 600 0
326 249 550 282 645 0
327 507 341 523 386 0
327 527 339 544 385 0
327 184 406 203 457 0
327 232 458 257 533 0
327 457 476 486 560 0
327 513 478 542 560 0
327 676 494 711 585 0
327 186 518 214 601 0
327 240 548 270 644 0
327 252 557 281 644 0
328 528 337 544 379 0
328 508 340 524 385 0
328 190 393 213 447 0
328 184 403 205 457 0
328 234 457 260 533 0
328 454 478 483 561 0
328 507 477 536 557 0
328 679 496 714 586 0
328 180 522 209 602 0
328 235 549 264 648 0
329 529 337 545 379 0
329 509 339 525 385 0
329 188 400 210 455 0
329 237 457 263 532 0
329 449 480 482 561 0
329 506 478 534 560 0
329 684 498 718 588 0
329 179 524 207 603 0
329 228 551 257 652 0
330 531 336 546 379 0
330 510 339 526 386 0
330 190 400 211 454 0
330 239 457 265 532 0
330 503 478 531 560 0
330 445 483 481 568 0
330 687 501 722 590 0
330 177 524 206 607 0
330 207 561 238 647 0
330 221 554 253 656 0
331 532 336 547 380 0
331 511 338 526 385 0
331 193 398 215 449 0
331 241 454 268 532 0
331 499 479 526 560 0
331 444 485 479 569 0
331 690 502 725 592 0
331 172 524 202 611 0
331 216 558 249 659 0
332 534 336 548 379 0
332 511 337 527 385 0
332 195 398 217 448 0
332 243 451 271 527 0
332 495 480 523 560 0
332 439 483 474 570 0
332 693 503 729 594 0
332 168 524 199 615 0
332 206 561 241 661 0
333 512 336 528 380 0
333 535 336 549 379 0
333 196 398 218 448 0
333 245 450 272 525 0
333 491 481 520 561 0
333 438 482 471 570 0
333 695 506 734 595 0
333 164 526 194 617 0
333 200 561 234 662 0
334 513 336 528 379 0
334 536 336 550 378 0
334 198 397 221 449 0
334 251 450 281 525 0
334 436 484 469 570 0
334 487 485 516 569 0
334 696 509 739 598 0
334 161 529 190 619 0
334 193 562 227 660 0
335 513 336 528 378 0
335 536 336 550 378 0
335 202 396 224 450 0
335 253 451 283 524 0
335 434 486 467 571 0
335 468 492 498 572 0
335 483 487 511 572 0
335 159 531 185 619 0
335 705 512 746 608 0
335 188 566 222 659 0
336 514 336 528 378 0
336 537 336 550 377 0
336 207 395 228 450 0
336 257 449 285 522 0
336 432 488 464 572 0
336 481 491 508 575 0
336 708 513 747 607 0
337 514 335 529 377 0
337 537 336 551 376 0
337 210 395 232 450 0
337 260 446 287 520 0
337 430 489 461 574 0
337 474 487 502 574 0
337 712 513 749 608 0
338 515 334 529 377 0
338 538 335 551 375 0
338 213 396 234 450 0
338 263 443 288 517 0
338 426 489 457 576 0
338 469 489 498 577 0
338 716 513 752 610 0
339 516 334 530 377 0
339 537 334 550 374 0
339 214 396 237 449 0
339 265 440 290 515 0
339 423 491 453 580 0
339 464 490 493 581 0
339 718 514 755 615 0
340 516 334 530 378 0
340 536 332 549 372 0
340 215 395 238 447 0
340 268 440 292 514 0
340 418 494 449 584 0
340 461 492 489 585 0
340 720 517 757 616 0
341 516 334 531 378 0
341 534 332 547 372 0
341 221 393 244 447 0
341 270 439 295 513 0
341 414 497 447 585 0
341 459 493 485 587 0
341 723 520 760 618 0
342 516 333 531 377 0
342 223 394 246 445 0
342 272 439 298 512 0
342 417 499 449 585 0
342 455 497 481 587 0
342 725 521 763 619 0
343 227 394 249 444 0
343 276 438 301 511 0
343 407 501 440 587 0
343 425 501 457 587 0
343 451 501 478 589 0
343 728 524 768 624 0
344 229 395 252 444 0
344 278 438 304 509 0
344 405 500 437 590 0
344 434 504 465 591 0
344 448 505 476 589 0
344 730 527 772 628 0
345 231 395 253 444 0
345 283 438 312 511 0
345 401 503 435 591 0
345 437 506 468 593 0
345 737 530 777 632 0
346 232 395 255 444 0
346 284 437 314 509 0
346 398 505 431 592 0
346 433 506 464 593 0
346 740 531 779 634 0
347 69 353 86 394 0
347 233 395 256 444 0
347 286 435 314 507 0
347 394 508 425 593 0
347 430 507 459 593 0
347 743 532 780 636 0
348 67 353 84 394 0
348 236 395 258 444 0
348 289 431 315 505 0
348 390 509 420 596 0
348 426 507 455 596 0
348 744 534 783 637 0
349 65 352 82 394 0
349 239 394 260 443 0
349 293 429 317 503 0
349 385 508 415 598 0
349 422 509 452 598 0
349 748 539 785 646 0
350 63 351 81 393 0
350 242 393 264 442 0
350 296 427 318 500 0
350 383 509 417 600 0
350 418 508 448 600 0
350 750 540 788 647 0
351 552 325 566 368 0
351 62 351 80 393 0
351 244 392 268 441 0
351 297 427 320 499 0
351 391 510 425 599 0
351 415 509 444 601 0
351 372 516 406 603 0
351 752 542 790 647 0
352 660 275 676 322 0
352 535 328 549 369 0
352 552 325 567 367 0
352 62 351 79 393 0
352 246 392 270 440 0
352 299 427 323 498 0
352 369 518 403 603 0
352 406 514 436 604 0
352 754 543 793 649 0
353 659 275 675 322 0
353 533 328 548 368 0
353 553 325 567 366 0
353 61 352 77 393 0
353 248 392 271 439 0
353 302 427 326 497 0
353 366 519 398 604 0
353 410 513 437 605 0
353 756 546 796 651 0
354 658 275 674 323 0
354 533 327 547 368 0
354 554 324 568 366 0
354 60 352 76 394 0
354 249 391 272 439 0
354 305 426 328 496 0
354 363 519 392 605 0
354 406 512 434 607 0
354 757 551 798 652 0
