1 24 332 46 364 0
1 961 316 984 356 0
1 26 345 45 375 0
1 824 351 844 396 0
1 104 379 128 428 0
1 127 375 150 422 0
1 322 435 349 487 0
1 156 528 189 595 0
1 773 536 814 603 0
1 759 516 828 625 0
2 608 281 621 317 0
2 27 343 44 372 0
2 974 320 992 361 0
2 834 357 848 404 0
2 115 381 135 434 0
2 134 376 152 427 0
2 327 433 350 494 0
2 812 503 850 593 0
2 160 520 191 608 0
2 776 532 819 619 0
3 610 279 623 315 0
3 26 343 44 372 0
3 974 320 992 361 0
3 834 357 849 405 0
3 113 381 132 434 0
3 136 376 154 428 0
3 324 433 348 495 0
3 155 522 188 610 0
3 778 531 822 621 0
4 25 343 44 372 0
4 974 320 992 361 0
4 834 356 849 405 0
4 137 378 155 431 0
4 323 435 346 497 0
4 151 526 187 614 0
4 783 530 826 622 0
5 567 270 582 299 0
5 974 320 992 361 0
5 834 356 849 405 0
5 138 380 157 434 0
5 321 436 344 498 0
5 153 535 185 611 0
5 787 525 831 624 0
6 567 270 582 298 0
6 974 320 992 361 0
6 1021 321 1038 368 0
6 834 356 849 405 0
6 139 381 158 435 0
6 320 437 342 499 0
6 156 541 184 608 0
6 790 520 832 622 0
7 566 269 580 295 0
7 974 320 992 361 0
7 1020 320 1038 367 0
7 834 356 849 405 0
7 140 380 159 433 0
7 319 438 341 500 0
7 786 496 818 589 0
7 792 518 832 622 0
7 810 535 847 630 0
8 566 268 580 294 0
8 973 320 993 361 0
8 1020 320 1038 368 0
8 834 356 849 404 0
8 318 439 341 501 0
8 781 493 812 583 0
8 795 522 830 619 0
8 813 539 851 629 0
9 566 268 579 294 0
9 622 285 637 317 0
9 758 288 776 325 0
9 973 319 993 361 0
9 1021 320 1039 368 0
9 833 355 849 404 0
9 314 439 339 503 0
9 776 491 808 578 0
9 815 542 855 629 0
10 566 268 580 294 0
10 620 282 634 315 0
10 973 319 993 360 0
10 834 355 849 405 0
10 143 383 162 435 0
10 313 441 339 505 0
10 767 491 801 575 0
10 842 543 872 623 0
10 811 548 856 640 0
11 566 268 580 294 0
11 619 281 633 314 0
11 974 319 992 361 0
11 834 356 849 406 0
11 145 383 163 437 0
11 312 442 338 506 0
11 764 490 800 574 0
11 841 543 874 628 0
11 816 549 862 641 0
12 566 268 580 295 0
12 974 319 992 361 0
12 833 357 849 406 0
12 147 383 165 436 0
12 310 442 337 507 0
12 760 488 794 573 0
12 821 549 867 639 0
13 566 268 580 295 0
13 974 320 992 361 0
13 833 357 850 406 0
13 149 384 167 436 0
13 307 442 334 508 0
13 754 486 787 571 0
13 826 549 874 639 0
14 566 268 580 295 0
14 622 282 637 315 0
14 974 320 992 361 0
14 1021 320 1036 369 0
14 832 355 852 405 0
14 150 385 170 437 0
14 305 444 332 509 0
14 749 484 779 571 0
14 838 550 884 639 0
15 566 268 580 295 0
15 623 281 639 315 0
15 974 319 992 362 0
15 1019 320 1034 368 0
15 833 354 854 403 0
15 151 386 171 438 0
15 303 445 330 510 0
15 735 483 760 551 0
15 745 484 773 570 0
15 843 552 888 644 0
16 566 269 581 296 0
16 625 281 640 315 0
16 974 319 992 362 0
16 1015 319 1031 365 0
16 832 353 855 402 0
16 152 388 172 439 0
16 302 447 328 512 0
16 737 485 767 567 0
16 848 553 892 646 0
16 872 554 904 645 0
17 567 269 581 297 0
17 625 281 641 314 0
17 974 320 992 362 0
17 1015 320 1031 361 0
17 832 354 855 402 0
17 155 387 176 437 0
17 300 448 326 513 0
17 734 484 764 567 0
17 854 554 895 648 0
18 567 269 581 297 0
18 627 282 642 314 0
18 972 322 991 362 0
18 832 354 853 405 0
18 156 387 176 436 0
18 299 449 326 515 0
18 730 483 760 568 0
18 858 557 900 651 0
19 566 269 581 296 0
19 629 283 644 315 0
19 832 356 850 407 0
19 157 386 177 435 0
19 297 449 325 517 0
19 725 484 755 567 0
19 871 558 912 654 0
20 566 268 581 296 0
20 631 283 645 316 0
20 1020 321 1036 361 0
20 833 355 849 407 0
20 41 383 65 435 0
20 158 387 178 435 0
20 295 450 323 520 0
20 723 478 754 564 0
20 871 562 917 657 0
21 566 269 580 297 0
21 632 283 646 317 0
21 969 325 986 357 0
21 1020 320 1037 363 0
21 834 356 848 407 0
21 36 384 62 436 0
21 160 388 179 435 0
21 293 451 321 520 0
21 719 479 751 563 0
21 870 563 924 662 0
22 566 269 581 297 0
22 634 283 648 318 0
22 972 323 990 357 0
22 1017 321 1034 362 0
22 833 356 850 407 0
22 31 385 59 437 0
22 161 389 180 437 0
22 291 451 320 521 0
22 714 478 748 560 0
22 880 564 928 657 0
23 566 269 581 297 0
23 636 283 649 319 0
23 973 321 991 358 0
23 833 357 852 406 0
23 162 389 181 438 0
23 290 451 318 522 0
23 711 477 742 554 0
23 886 566 935 657 0
24 566 269 581 298 0
24 636 285 650 321 0
24 832 359 855 406 0
24 163 390 182 439 0
24 289 452 316 524 0
24 704 475 732 557 0
24 890 569 939 660 0
25 566 269 581 298 0
25 972 322 990 359 0
25 832 361 855 407 0
25 163 391 184 440 0
25 288 452 315 526 0
25 700 476 729 556 0
25 902 572 949 663 0
26 566 269 580 297 0
26 973 320 990 360 0
26 830 359 853 405 0
26 164 391 185 442 0
26 288 457 313 530 0
26 695 474 725 554 0
26 906 572 955 667 0
27 566 269 580 297 0
27 975 318 991 360 0
27 830 358 852 404 0
27 165 392 186 443 0
27 286 459 312 531 0
27 691 473 721 552 0
27 914 572 960 668 0
28 567 269 581 298 0
28 974 318 992 361 0
28 831 356 851 403 0
28 166 392 187 444 0
28 284 462 311 532 0
28 687 471 716 551 0
28 919 573 966 668 0
29 568 269 582 298 0
29 974 319 992 362 0
29 833 356 851 405 0
29 167 393 189 445 0
29 279 464 306 534 0
29 684 470 712 551 0
29 923 578 968 676 0
30 568 269 583 299 0
30 974 319 992 362 0
30 832 355 851 405 0
30 169 394 190 446 0
30 278 466 305 536 0
30 680 469 708 549 0
30 921 581 974 685 0
31 568 269 583 298 0
31 974 319 992 362 0
31 833 355 851 406 0
31 170 396 191 447 0
31 277 467 304 537 0
31 676 470 706 547 0
31 933 583 984 685 0
32 568 269 583 298 0
32 974 319 992 362 0
32 834 355 850 406 0
32 171 396 191 448 0
32 275 467 302 537 0
32 669 469 702 547 0
32 940 583 990 687 0
33 568 270 583 299 0
33 974 319 992 362 0
33 834 356 850 406 0
33 172 397 192 449 0
33 273 467 300 540 0
33 665 468 697 545 0
33 680 474 706 538 0
33 948 586 995 684 0
34 568 270 583 300 0
34 974 319 992 362 0
34 833 356 848 405 0
34 173 396 194 450 0
34 272 468 297 543 0
34 660 466 689 543 0
34 954 588 1002 686 0
35 569 271 583 300 0
35 974 319 992 362 0
35 833 356 848 405 0
35 174 396 196 451 0
35 269 469 295 545 0
35 657 465 683 540 0
35 966 591 1019 687 0
36 569 271 583 300 0
36 974 319 992 362 0
36 832 356 848 405 0
36 175 396 198 451 0
36 268 471 292 546 0
36 653 465 680 538 0
36 970 591 1025 693 0
37 570 271 583 299 0
37 974 319 992 362 0
37 832 355 848 405 0
37 177 399 199 454 0
37 264 473 289 546 0
37 638 469 664 534 0
37 649 466 676 537 0
37 976 594 1030 694 0
38 570 271 584 299 0
38 974 319 992 362 0
38 1020 320 1037 369 0
38 832 355 848 405 0
38 179 399 201 454 0
38 261 474 287 548 0
38 646 464 672 535 0
38 982 595 1034 697 0
39 571 271 584 299 0
39 974 319 992 362 0
39 1017 320 1036 368 0
39 832 356 848 405 0
39 181 398 202 455 0
39 257 475 285 550 0
39 640 463 665 536 0
39 985 599 1039 698 0
40 974 319 993 362 0
40 1016 320 1034 366 0
40 832 356 848 406 0
40 181 398 202 456 0
40 254 476 282 552 0
40 637 460 661 536 0
40 997 604 1053 698 0
41 974 319 993 361 0
41 833 356 848 406 0
41 181 399 203 456 0
41 252 478 280 552 0
41 633 461 659 534 0
41 996 606 1055 711 0
42 660 282 672 316 0
42 972 321 992 361 0
42 833 356 848 406 0
42 182 400 204 457 0
42 246 479 273 551 0
42 628 462 657 531 0
42 1004 604 1061 714 0
43 660 281 673 317 0
43 972 323 990 360 0
43 833 356 848 406 0
43 182 401 205 457 0
43 245 481 271 553 0
43 625 465 653 529 0
43 1012 603 1069 717 0
44 660 280 674 318 0
44 833 356 848 406 0
44 183 401 206 457 0
44 244 482 269 555 0
44 1017 606 1076 718 0
45 660 281 674 319 0
45 833 356 848 407 0
45 183 401 206 458 0
45 242 484 267 558 0
45 1030 607 1088 715 0
46 571 270 586 299 0
46 661 281 675 319 0
46 972 321 989 361 0
46 1023 321 1041 370 0
46 833 357 849 408 0
46 184 402 206 459 0
46 239 485 265 559 0
46 1037 608 1094 716 0
47 570 271 586 299 0
47 662 282 676 319 0
47 972 320 990 361 0
47 833 357 851 408 0
47 184 403 206 460 0
47 238 488 263 562 0
47 1044 610 1100 718 0
48 570 271 586 301 0
48 663 283 678 319 0
48 973 318 991 361 0
48 834 357 853 407 0
48 184 405 205 461 0
48 234 489 260 563 0
48 1050 613 1103 717 0
49 570 271 586 302 0
49 973 319 991 361 0
49 834 355 854 407 0
49 185 405 205 460 0
49 231 490 257 566 0
49 1048 616 1105 719 0
50 571 272 586 302 0
50 973 319 991 362 0
50 835 354 855 406 0
50 187 405 209 463 0
50 228 492 257 569 0
51 572 273 586 302 0
51 973 319 991 362 0
51 837 351 857 406 0
51 188 405 209 463 0
51 227 493 255 570 0
52 572 273 585 302 0
52 910 317 922 360 0
52 973 319 991 362 0
52 841 351 858 405 0
52 188 406 209 464 0
52 225 495 252 570 0
53 572 273 585 302 0
53 973 319 991 362 0
53 844 351 858 405 0
53 189 407 209 465 0
53 222 495 249 571 0
54 572 273 586 303 0
54 973 319 990 362 0
54 844 353 858 401 0
54 190 408 210 467 0
54 220 495 246 575 0
55 573 273 586 303 0
55 973 319 990 362 0
55 190 408 211 468 0
55 214 496 239 576 0
56 573 274 586 303 0
56 973 319 991 362 0
56 191 408 212 469 0
56 214 497 239 580 0
57 573 275 587 303 0
57 973 319 991 362 0
57 191 408 213 470 0
57 212 499 238 582 0
58 574 275 587 303 0
58 971 319 990 362 0
58 856 348 871 390 0
58 191 409 214 473 0
58 209 501 237 583 0
59 575 275 588 304 0
59 969 319 989 361 0
59 1007 322 1023 370 0
59 858 349 874 390 0
59 193 412 216 475 0
59 205 503 235 585 0
60 575 274 588 304 0
60 967 319 988 361 0
60 1008 321 1025 369 0
60 860 349 877 391 0
60 194 413 217 475 0
60 200 506 233 588 0
61 576 274 589 304 0
61 966 319 987 361 0
61 1008 320 1025 367 0
61 860 349 879 395 0
61 195 413 217 474 0
61 197 508 230 590 0
62 576 274 590 305 0
62 965 319 985 362 0
62 1008 320 1025 367 0
62 1022 322 1041 369 0
62 862 349 880 397 0
62 195 411 218 474 0
62 195 509 228 591 0
63 576 275 590 305 0
63 752 301 767 339 0
63 962 318 982 362 0
63 1007 320 1025 367 0
63 1024 322 1043 369 0
63 865 348 881 396 0
63 196 410 218 474 0
63 551 445 573 507 0
63 192 508 223 592 0
64 576 275 591 305 0
64 742 300 758 338 0
64 751 300 767 339 0
64 960 318 980 362 0
64 1007 321 1024 367 0
64 1025 324 1044 370 0
64 196 411 218 476 0
64 543 446 567 509 0
64 189 509 220 594 0
65 577 275 591 306 0
65 743 303 758 341 0
65 751 299 767 338 0
65 958 318 978 362 0
65 1006 322 1024 367 0
65 1026 324 1045 371 0
65 197 413 218 476 0
65 543 445 568 508 0
65 187 510 217 594 0
66 578 274 591 307 0
66 741 303 757 342 0
66 956 317 977 361 0
66 1003 322 1022 368 0
66 1025 325 1044 371 0
66 197 414 219 476 0
66 542 443 568 506 0
66 178 519 208 600 0
67 952 316 974 361 0
67 999 322 1020 368 0
67 1023 326 1042 372 0
67 197 413 221 476 0
67 540 443 566 505 0
67 177 519 208 601 0
68 949 317 969 363 0
68 997 321 1017 368 0
68 1022 326 1040 372 0
68 891 348 903 391 0
68 198 414 223 478 0
68 537 441 563 504 0
68 174 520 206 601 0
69 577 274 592 305 0
69 945 317 964 363 0
69 995 321 1015 368 0
69 1021 326 1038 373 0
69 892 347 906 391 0
69 199 415 224 481 0
69 535 440 561 503 0
69 169 522 203 603 0
70 577 275 591 304 0
70 943 317 962 363 0
70 994 321 1012 370 0
70 1019 326 1037 374 0
70 893 347 909 391 0
70 201 417 225 483 0
70 533 437 557 502 0
70 164 524 200 604 0
71 579 275 592 305 0
71 940 317 959 364 0
71 992 321 1009 370 0
71 1016 326 1035 376 0
71 895 347 912 391 0
71 202 418 226 482 0
71 531 435 555 501 0
71 161 527 196 606 0
72 579 276 591 306 0
72 938 319 957 364 0
72 990 322 1007 370 0
72 1013 327 1033 375 0
72 900 346 916 390 0
72 204 418 227 482 0
72 530 434 552 500 0
72 157 531 191 607 0
73 579 276 591 306 0
73 935 321 953 364 0
73 990 323 1008 369 0
73 1010 328 1030 374 0
73 903 346 919 390 0
73 206 418 228 482 0
73 528 434 550 499 0
73 154 533 185 607 0
74 578 276 591 306 0
74 933 321 949 363 0
74 992 324 1011 369 0
74 1009 329 1028 375 0
74 907 345 923 390 0
74 914 344 932 387 0
74 207 420 229 483 0
74 527 435 548 500 0
74 144 531 175 608 0
75 578 276 590 306 0
75 930 322 946 363 0
75 996 326 1015 371 0
75 1009 330 1028 376 0
75 908 345 925 389 0
75 209 422 230 485 0
75 524 434 546 498 0
75 140 532 172 611 0
76 578 277 590 306 0
76 927 323 944 366 0
76 998 327 1016 374 0
76 1011 329 1029 376 0
76 914 344 931 388 0
76 210 423 231 488 0
76 522 432 544 496 0
76 135 533 169 612 0
77 577 277 589 306 0
77 705 298 720 338 0
77 717 301 733 342 0
77 922 326 941 371 0
77 972 323 991 370 0
77 998 328 1016 375 0
77 917 341 935 388 0
77 211 423 232 489 0
77 520 430 543 494 0
77 131 536 167 611 0
78 576 277 588 307 0
78 667 289 684 333 0
78 709 302 725 342 0
78 716 303 732 343 0
78 970 325 990 371 0
78 997 329 1015 375 0
78 920 339 939 387 0
78 212 423 234 490 0
78 520 430 543 493 0
79 575 276 587 307 0
79 664 289 682 334 0
79 710 305 726 344 0
79 717 302 733 340 0
79 907 324 923 368 0
79 915 327 934 373 0
79 966 326 988 373 0
79 995 330 1013 376 0
79 925 338 944 387 0
79 214 423 236 490 0
79 520 429 542 493 0
80 573 276 586 307 0
80 661 289 679 335 0
80 708 305 724 344 0
80 914 325 931 371 0
80 963 327 984 373 0
80 992 331 1011 378 0
80 932 338 950 387 0
80 215 423 238 490 0
80 518 428 541 493 0
81 571 276 584 307 0
81 659 288 676 334 0
81 706 305 722 344 0
81 860 312 877 358 0
81 908 324 925 368 0
81 919 326 935 371 0
81 961 326 981 373 0
81 990 333 1009 379 0
81 938 338 954 386 0
81 517 423 541 489 0
81 215 425 239 495 0
82 570 277 582 307 0
82 657 287 672 333 0
82 704 306 721 344 0
82 854 310 875 359 0
82 907 325 924 370 0
82 926 329 943 373 0
82 960 326 979 371 0
82 988 334 1007 380 0
82 1038 323 1054 369 0
82 1055 321 1070 368 0
82 940 341 958 387 0
82 951 340 969 385 0
82 516 422 541 489 0
82 220 426 243 495 0
83 569 277 581 307 0
83 655 286 670 331 0
83 702 306 719 344 0
83 853 312 871 361 0
83 904 326 921 370 0
83 959 328 978 372 0
83 984 335 1004 380 0
83 1038 322 1055 368 0
83 1059 321 1075 368 0
83 940 345 957 389 0
83 949 341 968 385 0
83 516 422 541 487 0
83 221 426 245 495 0
84 568 278 580 307 0
84 653 287 668 332 0
84 700 306 716 344 0
84 902 324 917 369 0
84 957 330 976 374 0
84 981 335 1001 381 0
84 1036 321 1055 366 0
84 1061 321 1079 367 0
84 948 341 968 385 0
84 516 423 540 487 0
84 222 426 245 497 0
85 567 278 580 307 0
85 652 290 667 334 0
85 698 306 713 344 0
85 841 317 855 362 0
85 851 315 866 364 0
85 899 322 913 367 0
85 958 332 979 377 0
85 977 335 998 381 0
85 1034 322 1054 366 0
85 1061 322 1078 368 0
85 951 340 973 385 0
85 516 423 540 487 0
85 224 427 246 499 0
86 566 278 579 308 0
86 651 291 667 334 0
86 695 306 711 345 0
86 841 317 858 364 0
86 848 316 865 365 0
86 896 323 910 367 0
86 976 333 998 380 0
86 1032 322 1051 366 0
86 1059 322 1075 367 0
86 956 339 979 385 0
86 515 422 539 486 0
86 226 429 247 502 0
87 564 279 577 311 0
87 646 289 662 334 0
87 693 306 709 345 0
87 840 315 859 366 0
87 849 317 866 365 0
87 892 324 907 368 0
87 941 328 956 374 0
87 979 331 999 377 0
87 1031 322 1048 368 0
87 1057 320 1073 368 0
87 960 338 984 386 0
87 516 420 539 484 0
87 227 430 248 504 0
88 562 279 576 311 0
88 644 289 662 335 0
88 690 309 706 347 0
88 838 317 856 365 0
88 889 324 904 368 0
88 940 330 956 376 0
88 1028 321 1045 368 0
88 964 337 987 385 0
88 516 417 538 483 0
88 227 431 250 504 0
89 561 280 575 312 0
89 642 293 658 337 0
89 688 309 703 347 0
89 834 316 852 366 0
89 888 322 902 366 0
89 938 333 955 378 0
89 1026 321 1044 369 0
89 966 338 988 385 0
89 980 343 1000 388 0
89 517 416 539 482 0
89 228 431 251 505 0
90 559 280 573 312 0
90 640 297 655 338 0
90 685 309 701 347 0
90 831 318 849 366 0
90 888 320 902 365 0
90 937 334 955 378 0
90 1023 321 1042 369 0
90 1051 318 1068 368 0
90 965 339 985 384 0
90 978 341 998 387 0
90 518 416 539 483 0
90 229 432 253 505 0
91 558 281 571 312 0
91 637 298 651 338 0
91 671 300 686 339 0
91 683 309 699 346 0
91 827 318 848 366 0
91 935 334 953 378 0
91 1023 322 1041 368 0
91 1047 320 1064 368 0
91 961 339 979 384 0
91 978 339 998 386 0
91 519 416 540 482 0
91 231 434 255 506 0
92 556 281 569 313 0
92 634 299 648 338 0
92 678 310 694 346 0
92 825 320 845 366 0
92 933 334 949 378 0
92 1024 322 1041 367 0
92 1044 322 1060 369 0
92 956 339 973 383 0
92 983 339 1000 385 0
92 520 415 541 480 0
92 233 436 258 506 0
93 554 281 568 313 0
93 631 299 646 338 0
93 678 310 693 345 0
93 823 321 840 367 0
93 931 334 946 378 0
93 952 335 970 381 0
93 1026 322 1043 367 0
93 1045 322 1060 370 0
93 986 340 1004 385 0
93 522 414 542 478 0
93 235 437 260 507 0
94 553 282 566 314 0
94 628 299 643 339 0
94 676 310 691 345 0
94 821 321 836 367 0
94 868 331 880 370 0
94 1028 321 1044 367 0
94 949 338 967 384 0
94 990 341 1009 384 0
94 523 414 542 477 0
94 237 437 262 508 0
95 550 282 562 315 0
95 626 299 641 341 0
95 675 309 689 346 0
95 818 321 834 367 0
95 867 333 881 374 0
95 933 333 949 376 0
95 1026 321 1043 368 0
95 925 342 943 385 0
95 946 338 965 384 0
95 995 341 1015 386 0
95 524 413 541 477 0
95 239 438 263 510 0
96 549 281 561 316 0
96 554 285 568 319 0
96 624 299 639 341 0
96 673 309 686 346 0
96 814 321 832 367 0
96 864 333 879 375 0
96 935 334 952 376 0
96 1026 321 1043 369 0
96 930 342 947 384 0
96 945 338 963 384 0
96 1000 339 1021 386 0
96 523 412 541 476 0
96 240 439 265 511 0
97 547 281 560 318 0
97 622 299 638 341 0
97 670 309 684 346 0
97 810 324 827 368 0
97 861 334 877 375 0
97 1004 329 1026 382 0
97 1022 322 1040 372 0
97 931 340 949 384 0
97 947 340 965 385 0
97 523 410 541 474 0
97 242 441 267 512 0
98 545 282 558 319 0
98 613 298 627 335 0
98 620 299 636 339 0
98 667 309 682 347 0
98 809 323 826 367 0
98 857 334 875 376 0
98 1003 327 1024 378 0
98 1021 324 1039 373 0
98 909 343 923 385 0
98 934 339 952 383 0
98 523 408 542 473 0
98 244 442 269 511 0
99 543 284 557 319 0
99 613 300 628 339 0
99 619 297 635 336 0
99 664 308 680 347 0
99 805 323 823 367 0
99 854 333 872 376 0
99 1000 324 1020 375 0
99 1020 325 1037 376 0
99 908 340 924 383 0
99 929 339 947 383 0
99 524 408 544 473 0
99 246 442 272 512 0
100 541 284 555 320 0
100 613 301 628 342 0
100 620 295 635 333 0
100 661 303 677 345 0
100 802 322 821 367 0
100 851 332 869 377 0
100 998 324 1016 373 0
100 1022 325 1039 377 0
100 906 341 923 383 0
100 924 340 943 383 0
100 527 409 545 472 0
100 247 442 273 513 0
101 539 285 551 320 0
101 610 301 625 343 0
101 658 303 674 346 0
101 798 322 818 368 0
101 848 333 867 378 0
101 921 334 942 378 0
101 995 325 1014 374 0
101 1022 327 1039 379 0
101 904 341 923 383 0
101 529 409 546 471 0
101 250 443 278 514 0
102 607 302 623 343 0
102 657 308 672 349 0
102 796 321 814 369 0
102 847 333 864 380 0
102 919 334 939 378 0
102 993 326 1012 374 0
102 1021 328 1038 379 0
102 901 341 920 383 0
102 1029 339 1047 386 0
102 531 408 547 470 0
102 252 445 279 517 0
103 533 284 544 319 0
103 604 303 620 344 0
103 655 309 670 348 0
103 794 322 810 369 0
103 842 333 859 380 0
103 917 333 937 379 0
103 992 327 1009 374 0
103 1019 328 1035 378 0
103 899 341 917 384 0
103 1033 340 1050 386 0
103 532 407 549 470 0
103 254 447 281 519 0
104 624 272 637 304 0
104 530 284 542 319 0
104 602 304 618 343 0
104 644 313 660 349 0
104 652 311 667 348 0
104 790 324 806 370 0
104 840 332 857 380 0
104 854 331 870 377 0
104 914 333 935 379 0
104 992 327 1009 372 0
104 1016 328 1030 375 0
104 895 340 914 384 0
104 1037 342 1052 386 0
104 1047 342 1062 386 0
104 533 406 550 470 0
104 257 448 282 520 0
105 623 273 635 305 0
105 527 284 541 319 0
105 600 304 616 344 0
105 650 312 666 349 0
105 786 326 804 371 0
105 837 332 855 380 0
105 912 333 934 380 0
105 993 327 1010 372 0
105 1014 327 1029 374 0
105 893 340 911 384 0
105 1048 342 1065 384 0
105 534 406 550 467 0
105 259 448 285 521 0
106 624 271 637 304 0
106 525 284 539 320 0
106 598 304 613 344 0
106 646 311 660 347 0
106 651 312 667 351 0
106 782 325 802 371 0
106 834 333 853 380 0
106 910 333 932 381 0
106 993 327 1011 372 0
106 892 339 909 385 0
106 1049 342 1069 383 0
106 535 406 550 464 0
106 262 449 286 523 0
107 524 283 538 319 0
107 595 305 612 344 0
107 643 312 658 347 0
107 781 323 800 371 0
107 830 334 850 381 0
107 897 337 914 387 0
107 910 335 931 386 0
107 1053 343 1075 384 0
107 536 404 550 461 0
107 264 450 287 525 0
108 521 284 537 319 0
108 590 308 609 347 0
108 641 313 656 348 0
108 777 321 794 371 0
108 826 335 846 381 0
108 972 328 990 374 0
108 991 329 1009 373 0
108 903 336 920 387 0
108 911 336 929 387 0
108 1056 343 1077 384 0
108 265 451 289 527 0
109 519 285 536 320 0
109 588 308 607 347 0
109 638 313 654 348 0
109 774 323 792 370 0
109 785 326 803 369 0
109 821 335 842 381 0
109 973 329 991 375 0
109 992 330 1009 374 0
109 907 335 924 388 0
109 1060 342 1080 384 0
109 266 452 291 527 0
110 518 286 536 320 0
110 579 312 596 350 0
110 585 308 604 348 0
110 636 312 651 349 0
110 770 324 790 370 0
110 818 335 838 381 0
110 972 330 990 375 0
110 992 331 1009 375 0
110 1081 326 1100 372 0
110 906 335 923 387 0
110 1064 341 1084 384 0
110 268 451 293 527 0
111 514 287 531 321 0
111 583 308 602 348 0
111 633 312 649 349 0
111 767 324 786 370 0
111 803 333 822 374 0
111 815 335 834 381 0
111 970 331 989 377 0
111 991 331 1008 377 0
111 1079 329 1097 377 0
111 905 335 922 388 0
111 1067 342 1085 385 0
111 269 451 295 527 0
111 56 634 92 705 0
112 513 286 529 321 0
112 589 302 607 340 0
112 579 308 598 348 0
112 630 312 647 349 0
112 765 324 781 371 0
112 807 335 825 378 0
112 816 333 833 378 0
112 969 333 988 379 0
112 989 333 1005 377 0
112 1079 330 1097 379 0
112 868 347 881 387 0
112 903 337 921 387 0
112 1067 345 1082 388 0
112 270 455 297 532 0
112 58 619 89 685 0
113 510 286 526 321 0
113 578 309 597 348 0
113 586 312 605 349 0
113 628 313 645 350 0
113 762 323 778 371 0
113 806 335 824 381 0
113 819 331 835 374 0
113 967 334 985 379 0
113 987 333 1003 378 0
113 867 344 880 385 0
113 273 456 300 533 0
113 60 618 93 686 0
114 506 287 523 322 0
114 575 309 594 349 0
114 625 313 643 350 0
114 759 324 776 372 0
114 802 335 820 382 0
114 966 335 983 378 0
114 983 334 1000 378 0
114 863 343 878 385 0
114 275 458 303 534 0
114 64 616 98 685 0
115 503 287 520 323 0
115 572 309 591 349 0
115 623 313 640 352 0
115 756 325 773 372 0
115 798 335 817 382 0
115 900 334 915 379 0
115 965 335 982 377 0
115 980 334 997 378 0
115 860 344 876 387 0
115 278 458 304 534 0
115 69 613 102 680 0
116 501 286 517 322 0
116 569 310 588 350 0
116 621 313 637 353 0
116 753 325 770 373 0
116 794 335 813 382 0
116 898 334 913 380 0
116 964 334 983 377 0
116 978 333 995 377 0
116 858 345 874 389 0
116 279 458 306 535 0
117 499 286 515 322 0
117 567 311 586 350 0
117 609 317 627 353 0
117 618 314 635 353 0
117 750 326 767 373 0
117 790 336 808 381 0
117 896 334 911 381 0
117 965 334 984 377 0
117 978 331 994 376 0
117 855 346 872 390 0
117 280 458 306 536 0
118 497 287 513 322 0
118 565 312 585 350 0
118 616 314 634 353 0
118 750 328 768 374 0
118 785 336 803 380 0
118 894 334 909 380 0
118 964 334 983 378 0
118 853 346 870 391 0
118 953 338 973 384 0
118 550 390 572 445 0
118 284 458 310 538 0
119 495 289 512 323 0
119 563 312 582 350 0
119 611 316 629 352 0
119 742 326 761 372 0
119 760 331 777 376 0
119 783 336 799 380 0
119 892 333 906 379 0
119 962 333 979 378 0
119 850 347 867 392 0
119 953 339 971 383 0
119 551 391 572 444 0
119 285 460 310 541 0
120 492 290 511 323 0
120 561 312 579 350 0
120 609 316 626 352 0
120 740 327 759 372 0
120 769 334 786 379 0
120 782 334 798 378 0
120 891 332 904 379 0
120 960 333 976 379 0
120 848 346 864 392 0
120 553 391 574 443 0
120 287 461 311 542 0
121 490 289 508 323 0
121 558 312 575 350 0
121 607 316 622 351 0
121 738 326 754 373 0
121 774 335 791 381 0
121 787 331 801 374 0
121 889 333 902 379 0
121 957 333 973 380 0
121 842 347 859 393 0
121 855 345 871 393 0
121 554 390 576 443 0
121 288 462 313 542 0
122 487 288 505 323 0
122 555 313 572 350 0
122 604 315 620 351 0
122 736 326 751 373 0
122 770 335 787 381 0
122 889 331 902 378 0
122 940 333 958 380 0
122 956 333 972 380 0
122 840 348 858 394 0
122 863 345 878 394 0
122 556 390 578 442 0
122 290 462 316 544 0
123 486 288 502 323 0
123 553 314 570 352 0
123 600 315 618 350 0
123 733 326 749 373 0
123 766 334 782 381 0
123 888 330 900 378 0
123 941 335 958 380 0
123 954 334 971 381 0
123 837 349 856 395 0
123 869 346 884 396 0
123 557 390 578 441 0
123 292 465 318 546 0
124 484 289 502 323 0
124 551 316 569 353 0
124 597 315 615 350 0
124 730 327 747 373 0
124 762 334 778 381 0
124 941 335 957 381 0
124 953 334 970 381 0
124 834 349 853 396 0
124 867 348 882 397 0
124 559 390 579 440 0
124 294 468 321 548 0
125 481 291 500 323 0
125 547 314 564 352 0
125 594 315 611 351 0
125 727 328 743 375 0
125 758 334 775 381 0
125 940 335 956 380 0
125 830 349 849 397 0
125 864 349 880 398 0
125 949 338 968 384 0
125 560 390 579 440 0
125 296 470 323 548 0
126 478 291 498 324 0
126 546 314 563 353 0
126 592 315 607 351 0
126 725 328 739 377 0
126 755 334 771 382 0
126 938 335 954 380 0
126 827 348 846 398 0
126 861 349 878 399 0
126 947 338 965 383 0
126 561 389 580 438 0
126 299 470 325 548 0
127 476 291 494 325 0
127 544 315 561 353 0
127 590 315 606 352 0
127 721 328 736 377 0
127 752 335 768 381 0
127 936 335 953 379 0
127 946 335 963 381 0
127 825 348 843 398 0
127 859 348 876 399 0
127 562 388 581 437 0
127 301 470 326 549 0
128 474 290 491 325 0
128 541 315 559 354 0
128 587 316 604 352 0
128 724 329 740 376 0
128 750 334 765 380 0
128 945 335 961 381 0
128 822 348 841 399 0
128 858 346 874 400 0
128 931 339 950 383 0
128 564 387 583 437 0
128 304 470 328 552 0
129 472 291 489 325 0
129 538 316 556 355 0
129 576 319 593 355 0
129 584 317 603 353 0
129 711 327 729 373 0
129 730 331 747 377 0
129 750 333 764 378 0
129 944 334 960 380 0
129 819 349 838 399 0
129 858 345 873 400 0
129 930 339 948 383 0
129 566 387 586 438 0
129 305 472 331 555 0
129 142 567 171 645 0
130 469 292 488 325 0
130 535 316 553 356 0
130 584 318 601 355 0
130 711 328 727 374 0
130 737 332 754 378 0
130 820 350 839 400 0
130 859 344 873 397 0
130 930 339 947 383 0
130 307 474 333 557 0
130 145 563 174 643 0
131 467 292 486 326 0
131 533 317 550 357 0
131 578 317 594 355 0
131 585 319 602 357 0
131 709 328 724 376 0
131 739 333 755 381 0
131 809 349 828 399 0
131 827 352 845 401 0
131 861 342 877 393 0
131 930 339 946 383 0
131 309 476 335 558 0
131 147 558 175 642 0
132 465 292 483 326 0
132 531 317 547 357 0
132 575 317 592 354 0
132 706 327 722 376 0
132 735 334 752 381 0
132 809 351 828 399 0
132 834 354 852 403 0
132 863 341 880 388 0
132 928 339 944 383 0
132 310 477 337 558 0
132 152 554 180 637 0
133 463 292 480 327 0
133 529 318 545 358 0
133 572 317 590 354 0
133 702 328 719 375 0
133 731 333 748 381 0
133 806 352 826 399 0
133 837 356 855 405 0
133 863 340 880 386 0
133 906 343 923 387 0
133 927 339 943 383 0
133 311 477 339 560 0
133 148 559 171 637 0
133 157 551 183 634 0
134 461 293 477 327 0
134 527 320 543 359 0
134 570 318 588 355 0
134 699 329 716 375 0
134 728 333 745 380 0
134 928 336 944 380 0
134 804 352 824 399 0
134 834 357 853 406 0
134 860 340 877 386 0
134 908 340 924 385 0
134 316 479 345 559 0
134 158 542 186 627 0
135 458 294 475 327 0
135 525 320 541 360 0
135 567 318 585 355 0
135 696 329 712 375 0
135 725 332 742 380 0
135 926 337 943 380 0
135 801 352 821 401 0
135 831 357 850 407 0
135 857 340 874 388 0
135 908 339 923 384 0
135 317 479 347 563 0
135 162 541 191 628 0
136 455 295 473 328 0
136 524 321 539 361 0
136 565 318 582 355 0
136 694 328 709 376 0
136 723 333 739 380 0
136 908 336 922 381 0
136 798 352 818 402 0
136 828 356 847 407 0
136 855 341 872 390 0
136 924 339 940 382 0
136 320 480 350 564 0
136 166 538 195 629 0
137 454 295 470 329 0
137 522 322 537 361 0
137 562 318 579 354 0
137 692 329 708 376 0
137 719 333 736 380 0
137 795 352 815 403 0
137 826 356 845 408 0
137 853 342 870 391 0
137 905 341 921 385 0
137 922 339 939 382 0
137 323 480 351 563 0
137 170 537 199 627 0
138 451 295 465 329 0
138 519 323 535 361 0
138 560 318 577 354 0
138 695 331 712 377 0
138 716 333 733 379 0
138 792 353 812 403 0
138 823 357 842 408 0
138 851 341 869 393 0
138 903 342 919 385 0
138 919 339 937 383 0
138 325 486 355 566 0
138 173 536 203 625 0
139 450 296 465 328 0
139 516 322 531 361 0
139 557 319 573 354 0
139 678 328 694 372 0
139 701 331 717 376 0
139 716 333 731 376 0
139 789 353 809 403 0
139 820 358 840 409 0
139 849 342 867 394 0
139 901 342 918 386 0
139 915 340 934 384 0
139 328 487 357 568 0
139 176 535 206 622 0
140 447 296 464 328 0
140 514 322 530 361 0
140 527 322 544 359 0
140 555 319 570 354 0
140 678 331 694 377 0
140 707 332 721 376 0
140 786 354 807 404 0
140 819 357 839 407 0
140 847 342 866 395 0
140 898 341 914 385 0
140 912 341 931 385 0
140 329 488 359 571 0
140 178 534 209 620 0
141 445 296 461 328 0
141 511 323 528 363 0
141 538 321 554 357 0
141 553 319 567 354 0
141 675 332 692 378 0
141 706 332 722 378 0
141 785 355 807 404 0
141 822 355 842 404 0
141 846 343 865 395 0
141 899 341 915 386 0
141 911 342 929 386 0
141 331 489 360 573 0
141 182 530 215 614 0
142 442 296 458 328 0
142 509 324 525 364 0
142 546 319 561 355 0
142 672 332 690 379 0
142 703 332 720 379 0
142 775 354 795 403 0
142 790 356 812 405 0
142 829 350 850 400 0
142 901 341 917 387 0
142 911 342 929 386 0
142 333 489 362 574 0
142 186 526 217 612 0
143 440 296 454 329 0
143 506 325 523 366 0
143 545 320 561 355 0
143 553 322 567 356 0
143 669 333 687 379 0
143 699 333 716 379 0
143 775 355 795 404 0
143 796 359 818 408 0
143 834 347 855 397 0
143 904 342 921 388 0
143 914 344 930 387 0
143 335 489 364 575 0
143 175 528 203 608 0
143 189 523 219 610 0
144 438 297 453 329 0
144 504 326 521 367 0
144 542 321 558 355 0
144 666 334 682 379 0
144 695 333 712 378 0
144 774 356 794 406 0
144 800 362 822 410 0
144 836 345 856 397 0
144 904 341 921 386 0
144 337 490 366 577 0
144 192 520 222 607 0
145 435 297 452 329 0
145 503 327 519 368 0
145 539 320 554 355 0
145 662 334 679 379 0
145 693 333 709 378 0
145 772 357 791 407 0
145 800 364 821 412 0
145 834 345 854 398 0
145 903 341 919 386 0
145 339 492 371 581 0
145 195 518 225 604 0
146 433 297 450 329 0
146 501 327 517 368 0
146 536 321 551 356 0
146 658 334 675 380 0
146 690 333 707 379 0
146 769 358 789 408 0
146 798 364 818 413 0
146 833 346 851 399 0
146 901 340 917 386 0
146 341 495 374 584 0
146 199 515 229 603 0
147 430 297 446 328 0
147 499 328 516 369 0
147 533 321 549 357 0
147 655 334 673 380 0
147 687 334 704 379 0
147 767 358 787 408 0
147 796 364 816 414 0
147 832 346 850 401 0
147 898 341 914 389 0
147 343 497 375 585 0
147 202 515 234 603 0
148 428 297 443 328 0
148 497 329 513 369 0
148 531 322 547 357 0
148 659 334 676 379 0
148 685 334 701 379 0
148 763 358 784 408 0
148 794 364 813 415 0
148 831 346 848 402 0
148 895 342 911 387 0
148 160 517 187 583 0
148 205 510 235 595 0
148 347 497 379 586 0
149 425 297 440 328 0
149 495 332 511 370 0
149 529 323 545 357 0
149 647 333 662 376 0
149 666 334 683 379 0
149 683 334 699 377 0
149 760 358 781 410 0
149 791 363 811 417 0
149 830 346 846 402 0
149 869 343 884 389 0
149 891 342 907 387 0
149 155 515 184 587 0
149 208 510 239 592 0
149 349 495 382 588 0
150 422 298 438 329 0
150 493 332 509 371 0
150 526 323 542 357 0
150 645 335 661 379 0
150 673 334 689 379 0
150 756 359 778 410 0
150 788 364 809 417 0
150 828 347 845 401 0
150 868 344 883 389 0
150 889 343 904 386 0
150 152 513 184 590 0
150 211 511 242 589 0
150 352 496 385 591 0
151 421 298 437 328 0
151 492 332 507 371 0
151 524 323 538 358 0
151 642 336 659 379 0
151 672 335 689 380 0
151 753 359 775 412 0
151 784 364 806 417 0
151 826 347 843 401 0
151 864 344 880 389 0
151 154 511 186 589 0
151 217 513 249 588 0
151 355 497 388 595 0
152 415 298 430 330 0
152 421 297 437 327 0
152 493 331 509 370 0
152 521 323 536 358 0
152 639 336 656 380 0
152 669 335 687 380 0
152 603 363 622 411 0
152 750 360 772 413 0
152 822 348 842 400 0
152 861 344 877 389 0
152 765 369 787 422 0
152 780 368 801 420 0
152 157 510 188 589 0
152 219 512 251 586 0
152 358 500 390 598 0
153 413 298 427 331 0
153 482 329 498 371 0
153 501 329 517 366 0
153 518 324 535 359 0
153 636 336 653 380 0
153 665 336 684 380 0
153 604 364 624 410 0
153 749 360 769 415 0
153 819 349 841 401 0
153 858 344 875 390 0
153 778 368 799 421 0
153 161 508 192 587 0
153 222 509 252 583 0
153 361 503 393 599 0
154 410 298 424 332 0
154 482 331 498 374 0
154 508 327 524 363 0
154 518 324 535 358 0
154 633 336 649 381 0
154 661 336 679 380 0
154 604 364 625 410 0
154 744 360 762 416 0
154 753 361 774 417 0
154 816 350 839 402 0
154 857 344 874 392 0
154 772 369 793 424 0
154 165 505 195 584 0
154 224 505 254 580 0
154 363 504 395 599 0
155 407 299 423 332 0
155 481 332 497 374 0
155 512 325 528 360 0
155 519 324 534 358 0
155 658 335 675 379 0
155 605 363 625 409 0
155 628 339 644 383 0
155 743 362 761 418 0
155 758 362 780 418 0
155 813 350 836 404 0
155 858 345 875 394 0
155 768 368 791 423 0
155 170 503 198 581 0
155 227 500 255 577 0
155 365 505 398 601 0
156 574 272 588 300 0
156 405 299 421 333 0
156 480 333 496 376 0
156 510 324 525 360 0
156 656 335 672 379 0
156 607 363 627 408 0
156 623 339 640 384 0
156 741 362 760 418 0
156 812 350 833 404 0
156 858 345 874 394 0
156 764 368 788 422 0
156 173 500 200 580 0
156 229 496 257 574 0
156 368 505 402 604 0
157 573 272 587 299 0
157 403 300 418 333 0
157 477 333 494 376 0
157 507 324 523 360 0
157 631 335 648 382 0
157 653 335 670 379 0
157 609 358 630 407 0
157 619 340 637 388 0
157 738 362 758 419 0
157 808 351 829 405 0
157 857 345 873 395 0
157 762 369 785 423 0
157 176 500 203 580 0
157 231 493 259 573 0
157 373 512 406 607 0
158 572 272 586 298 0
158 400 300 415 334 0
158 475 334 492 376 0
158 504 325 520 361 0
158 638 334 654 381 0
158 651 335 667 379 0
158 611 355 631 406 0
158 619 341 637 391 0
158 736 362 755 419 0
158 807 350 828 405 0
158 823 348 842 401 0
158 856 346 873 396 0
158 759 370 781 424 0
158 178 500 207 578 0
158 233 492 261 572 0
158 376 513 407 608 0
159 571 271 585 297 0
159 398 300 411 334 0
159 472 334 490 376 0
159 501 325 518 361 0
159 643 333 659 380 0
159 650 333 666 377 0
159 612 351 631 406 0
159 624 340 641 392 0
159 805 351 826 407 0
159 833 347 851 399 0
159 857 347 874 397 0
159 736 365 755 422 0
159 755 370 777 426 0
159 185 498 215 573 0
159 235 491 264 571 0
159 381 516 411 609 0
160 570 271 584 297 0
160 396 300 409 334 0
160 470 333 488 376 0
160 498 325 514 361 0
160 642 332 658 379 0
160 612 352 630 404 0
160 625 341 643 390 0
160 803 351 823 407 0
160 841 346 859 397 0
160 858 347 875 396 0
160 732 366 752 421 0
160 752 371 774 427 0
160 186 497 216 571 0
160 236 491 266 570 0
160 383 515 413 610 0
161 570 271 583 297 0
161 394 299 407 331 0
161 468 333 485 376 0
161 495 324 511 361 0
161 639 333 656 379 0
161 611 349 630 401 0
161 622 343 641 392 0
161 800 352 821 406 0
161 840 347 857 397 0
161 858 347 875 395 0
161 728 367 749 422 0
161 750 372 771 427 0
161 189 495 218 568 0
161 239 490 269 568 0
161 387 516 416 613 0
162 569 271 582 297 0
162 466 333 482 377 0
162 493 325 509 362 0
162 635 334 654 379 0
162 608 347 629 395 0
162 617 348 638 395 0
162 798 352 819 407 0
162 838 348 855 397 0
162 857 348 873 394 0
162 726 368 747 423 0
162 747 373 769 429 0
162 192 493 220 567 0
162 241 490 270 568 0
162 391 517 419 616 0
163 568 271 582 297 0
163 463 335 480 377 0
163 489 327 507 362 0
163 630 334 650 380 0
163 604 344 624 390 0
163 617 350 638 397 0
163 795 352 818 408 0
163 835 349 853 399 0
163 855 348 871 396 0
163 726 368 746 426 0
163 746 371 768 429 0
163 195 492 223 566 0
163 243 489 272 566 0
163 394 519 422 618 0
164 567 271 581 297 0
164 487 327 504 362 0
164 625 334 645 381 0
164 461 340 479 381 0
164 599 342 618 388 0
164 617 348 638 398 0
164 792 352 817 409 0
164 833 349 851 400 0
164 853 349 869 398 0
164 725 369 745 428 0
164 747 371 770 429 0
164 199 490 226 564 0
164 245 488 273 564 0
164 397 523 426 618 0
165 566 271 579 296 0
165 469 332 485 373 0
165 486 325 502 361 0
165 458 340 476 382 0
165 594 341 612 387 0
165 618 345 639 399 0
165 789 353 814 410 0
165 830 349 849 401 0
165 850 350 866 400 0
165 723 370 743 429 0
165 246 481 273 559 0
165 203 490 229 561 0
165 398 524 428 620 0
166 565 270 578 296 0
166 473 330 488 371 0
166 486 324 501 360 0
166 456 339 473 383 0
166 591 341 608 387 0
166 618 344 639 399 0
166 787 353 810 411 0
166 830 349 848 401 0
166 848 349 863 400 0
166 712 369 729 425 0
166 723 372 744 430 0
166 206 485 231 557 0
166 251 480 278 554 0
166 400 526 432 624 0
167 564 270 578 295 0
167 473 329 488 370 0
167 454 340 471 383 0
167 580 345 595 388 0
167 588 341 604 387 0
167 620 345 640 398 0
167 784 354 806 412 0
167 831 348 848 400 0
167 848 347 862 399 0
167 710 370 729 425 0
167 724 375 746 433 0
167 209 484 233 557 0
167 252 478 279 553 0
167 403 527 436 631 0
168 564 269 577 294 0
168 472 329 488 368 0
168 605 334 620 378 0
168 453 341 470 382 0
168 581 342 596 387 0
168 591 340 606 386 0
168 622 345 641 398 0
168 781 356 804 413 0
168 831 348 848 400 0
168 849 346 862 398 0
168 707 373 728 427 0
168 724 377 748 435 0
168 211 482 235 558 0
168 254 478 281 553 0
168 406 531 439 634 0
169 563 269 576 294 0
169 471 328 487 366 0
169 606 334 621 378 0
169 453 342 469 382 0
169 581 342 595 386 0
169 595 340 611 385 0
169 624 348 643 398 0
169 780 356 802 412 0
169 829 349 847 401 0
169 705 374 727 428 0
169 721 378 745 437 0
169 213 481 238 556 0
169 227 478 254 550 0
169 255 478 283 554 0
169 413 534 446 635 0
170 562 269 576 294 0
170 469 327 484 365 0
170 603 334 619 378 0
170 449 342 465 384 0
170 578 343 594 387 0
170 625 349 643 399 0
170 779 357 801 411 0
170 828 350 846 402 0
170 703 375 725 429 0
170 717 379 742 437 0
170 215 478 240 554 0
170 258 478 285 553 0
170 415 533 448 636 0
171 561 268 575 293 0
171 467 327 481 366 0
171 600 334 618 378 0
171 447 341 463 385 0
171 575 343 591 386 0
171 626 349 644 398 0
171 774 357 796 413 0
171 789 356 810 408 0
171 827 351 845 404 0
171 701 375 722 430 0
171 715 380 738 437 0
171 220 477 246 550 0
171 260 477 286 551 0
171 419 533 451 637 0
172 560 269 574 293 0
172 464 327 479 365 0
172 597 335 617 379 0
172 445 342 461 386 0
172 571 342 587 387 0
172 627 348 645 397 0
172 771 359 794 413 0
172 798 354 820 406 0
172 828 351 846 404 0
172 700 376 723 434 0
172 712 381 736 439 0
172 222 475 248 549 0
172 263 475 288 548 0
172 422 534 454 639 0
173 559 269 574 293 0
173 462 328 477 365 0
173 594 336 614 381 0
173 442 344 459 386 0
173 566 342 582 387 0
173 629 347 647 396 0
173 767 360 792 414 0
173 807 352 827 405 0
173 828 352 846 404 0
173 700 378 724 437 0
173 712 381 736 439 0
173 225 475 251 547 0
173 265 475 290 546 0
173 425 541 458 645 0
174 559 269 573 293 0
174 459 328 475 365 0
174 590 336 609 382 0
174 441 345 458 387 0
174 561 342 578 387 0
174 631 347 648 395 0
174 764 361 791 415 0
174 805 353 824 406 0
174 828 352 846 405 0
174 699 379 724 440 0
174 714 379 739 437 0
174 228 474 254 545 0
174 267 474 293 544 0
174 428 543 460 647 0
175 559 269 573 293 0
175 457 328 472 366 0
175 588 335 605 382 0
175 441 344 458 387 0
175 558 342 576 386 0
175 633 347 649 394 0
175 761 361 788 416 0
175 802 354 821 408 0
175 826 353 844 407 0
175 695 379 721 440 0
175 231 473 257 543 0
175 269 472 295 542 0
175 431 543 464 648 0
176 558 269 573 293 0
176 458 326 472 364 0
176 585 335 603 382 0
176 441 343 457 387 0
176 556 342 573 386 0
176 635 345 651 393 0
176 759 360 784 417 0
176 799 355 819 409 0
176 825 354 843 408 0
176 691 379 716 440 0
176 233 471 259 540 0
176 271 471 297 540 0
176 435 545 468 649 0
177 558 269 572 293 0
177 447 333 460 374 0
177 576 336 591 378 0
177 587 335 603 380 0
177 547 345 562 389 0
177 562 341 578 385 0
177 637 343 653 392 0
177 756 360 780 417 0
177 796 356 816 409 0
177 822 355 841 407 0
177 688 381 714 442 0
177 236 470 260 539 0
177 274 470 299 539 0
177 437 545 473 652 0
178 557 268 572 293 0
178 348 313 361 346 0
178 445 332 458 373 0
178 577 336 592 379 0
178 591 334 605 375 0
178 548 343 562 388 0
178 568 340 584 384 0
178 638 341 655 390 0
178 753 360 776 418 0
178 793 355 813 408 0
178 819 355 839 406 0
178 685 383 712 444 0
178 239 469 262 538 0
178 276 470 300 538 0
178 445 554 482 656 0
179 557 268 571 292 0
179 346 313 358 347 0
179 442 334 455 375 0
179 435 341 451 386 0
179 546 343 561 388 0
179 574 339 590 383 0
179 639 341 657 389 0
179 751 361 773 418 0
179 790 355 811 407 0
179 816 354 836 406 0
179 681 384 709 446 0
179 241 469 264 537 0
179 278 468 303 537 0
179 447 555 485 657 0
180 557 267 570 292 0
180 344 314 357 348 0
180 439 333 453 373 0
180 433 343 449 390 0
180 572 339 587 382 0
180 641 342 659 389 0
180 748 362 770 419 0
180 790 355 812 408 0
180 814 356 833 408 0
180 679 384 706 445 0
180 243 468 267 535 0
180 279 465 305 535 0
180 452 556 488 657 0
181 557 267 570 292 0
181 567 339 584 382 0
181 643 341 661 388 0
181 792 356 815 409 0
181 812 357 831 409 0
181 674 383 699 442 0
181 746 365 769 422 0
181 244 468 270 533 0
181 284 464 309 533 0
181 457 556 491 658 0
182 557 267 570 292 0
182 563 340 580 381 0
182 645 340 662 388 0
182 753 361 775 418 0
182 794 357 816 409 0
182 811 358 831 408 0
182 673 386 697 446 0
182 742 366 762 425 0
182 246 467 272 531 0
182 268 463 294 532 0
182 285 462 311 531 0
182 464 556 494 661 0
183 557 267 570 292 0
183 531 346 545 390 0
183 559 339 576 382 0
183 647 339 662 387 0
183 763 358 784 416 0
183 793 356 813 409 0
183 813 358 832 406 0
183 672 388 696 449 0
183 741 365 761 424 0
183 754 365 775 425 0
183 248 465 273 531 0
183 259 463 284 531 0
183 288 461 313 530 0
183 468 557 498 664 0
184 557 267 570 291 0
184 526 347 541 390 0
184 556 339 572 382 0
184 650 342 664 386 0
184 771 357 792 414 0
184 794 357 813 410 0
184 669 390 693 450 0
184 737 365 759 424 0
184 253 461 278 530 0
184 290 461 315 529 0
184 472 558 502 667 0
185 557 267 570 291 0
185 328 314 341 349 0
185 524 348 538 390 0
185 554 340 569 381 0
185 651 342 665 385 0
185 774 357 794 415 0
185 795 357 813 412 0
185 666 391 689 450 0
185 734 366 756 424 0
185 254 459 279 528 0
185 293 460 317 528 0
185 480 565 512 664 0
186 556 267 569 291 0
186 325 313 338 347 0
186 545 337 559 377 0
186 516 350 531 393 0
186 529 346 543 388 0
186 553 341 567 382 0
186 652 343 666 384 0
186 772 358 793 416 0
186 796 358 814 413 0
186 663 392 684 450 0
186 731 366 753 425 0
186 292 452 319 523 0
186 256 458 282 527 0
186 481 564 514 668 0
187 555 267 568 291 0
187 323 313 337 347 0
187 544 338 559 377 0
187 558 331 571 368 0
187 515 350 531 393 0
187 535 344 550 385 0
187 555 345 569 384 0
187 652 342 666 382 0
187 770 359 790 416 0
187 793 358 811 413 0
187 660 393 681 451 0
187 728 366 749 427 0
187 257 454 282 523 0
187 293 449 321 520 0
187 486 565 519 669 0
188 554 267 567 291 0
188 320 314 332 347 0
188 512 351 529 394 0
188 539 342 554 383 0
188 653 341 667 382 0
188 767 359 787 415 0
188 791 358 809 414 0
188 657 394 677 451 0
188 724 366 745 429 0
188 259 454 283 522 0
188 296 449 324 518 0
188 491 565 526 671 0
189 554 267 566 291 0
189 317 314 329 347 0
189 326 315 339 350 0
189 509 352 526 395 0
189 537 341 551 383 0
189 653 340 667 382 0
189 764 359 783 415 0
189 788 359 805 415 0
189 653 393 673 451 0
189 720 367 741 431 0
189 261 453 285 522 0
189 299 449 327 518 0
189 496 572 536 679 0
190 553 266 566 292 0
190 314 314 328 348 0
190 505 352 521 396 0
190 533 341 548 384 0
190 654 339 669 383 0
190 760 359 780 416 0
190 784 361 802 417 0
190 650 391 669 449 0
190 717 368 739 431 0
190 264 452 289 521 0
190 302 450 329 518 0
190 499 573 542 681 0
191 553 266 565 292 0
191 312 315 326 348 0
191 655 336 670 380 0
191 501 351 516 396 0
191 530 342 545 385 0
191 760 359 781 417 0
191 781 362 800 418 0
191 644 392 663 449 0
191 652 388 670 445 0
191 715 369 737 431 0
191 267 450 292 519 0
191 304 449 331 517 0
191 508 581 548 681 0
192 553 266 565 291 0
192 309 315 323 349 0
192 656 336 671 380 0
192 497 352 513 396 0
192 527 343 542 384 0
192 760 359 781 416 0
192 779 362 798 418 0
192 642 392 662 452 0
192 713 371 735 431 0
192 269 448 295 517 0
192 307 448 334 515 0
192 511 578 552 684 0
193 553 266 565 291 0
193 306 316 320 350 0
193 656 335 673 380 0
193 494 352 510 396 0
193 524 344 538 385 0
193 780 361 798 415 0
193 638 392 660 454 0
193 708 372 730 432 0
193 766 363 787 425 0
193 271 447 296 515 0
193 310 448 337 514 0
193 516 578 557 686 0
194 552 266 565 292 0
194 303 317 316 352 0
194 657 334 674 380 0
194 497 351 513 394 0
194 521 343 535 385 0
194 756 360 776 418 0
194 634 393 657 454 0
194 705 373 729 432 0
194 725 368 746 429 0
194 764 364 784 424 0
194 273 448 298 514 0
194 313 449 338 514 0
194 520 578 568 695 0
195 553 266 565 291 0
195 299 317 313 353 0
195 657 334 675 380 0
195 504 348 518 391 0
195 520 343 534 385 0
195 741 360 761 420 0
195 702 373 727 433 0
195 762 364 782 424 0
195 628 396 654 457 0
195 276 448 301 514 0
195 314 446 338 511 0
195 526 582 575 698 0
196 553 266 565 291 0
196 657 334 675 379 0
196 482 354 497 399 0
196 510 345 525 387 0
196 521 345 536 385 0
196 742 361 761 419 0
196 698 374 724 434 0
196 761 364 781 424 0
196 624 398 651 456 0
196 279 445 304 513 0
196 305 443 329 509 0
196 318 443 341 505 0
196 538 586 585 699 0
197 552 266 565 291 0
197 657 333 675 378 0
197 479 355 495 399 0
197 511 345 526 386 0
197 696 374 720 435 0
197 740 364 758 425 0
197 760 365 779 424 0
197 621 398 648 456 0
197 282 442 305 510 0
197 295 441 320 507 0
197 321 438 343 502 0
197 542 585 587 700 0
198 552 266 565 291 0
198 658 331 676 376 0
198 475 355 492 399 0
198 508 346 523 387 0
198 693 376 717 435 0
198 738 365 756 425 0
198 756 366 776 425 0
198 619 399 644 456 0
198 286 440 310 507 0
198 323 437 345 500 0
198 548 585 588 697 0
199 550 264 563 290 0
199 659 331 676 376 0
199 472 355 490 399 0
199 504 345 518 388 0
199 691 376 713 435 0
199 735 366 752 425 0
199 753 368 773 426 0
199 608 402 628 463 0
199 617 399 640 457 0
199 287 441 311 506 0
199 326 436 348 499 0
199 552 589 599 704 0
200 550 264 563 290 0
200 661 331 677 376 0
200 468 355 486 399 0
200 499 345 514 388 0
200 688 377 710 435 0
200 732 367 750 424 0
200 752 368 771 427 0
200 616 399 637 457 0
200 289 442 312 506 0
200 327 436 350 500 0
200 557 593 606 705 0
201 550 264 563 289 0
201 662 331 678 375 0
201 465 356 483 399 0
201 495 345 510 388 0
201 685 377 707 435 0
201 730 368 749 424 0
201 750 370 768 428 0
201 611 402 630 463 0
201 291 443 314 505 0
201 330 436 353 499 0
201 561 594 611 703 0
202 550 264 562 289 0
202 664 331 679 375 0
202 462 357 479 399 0
202 491 346 507 388 0
202 683 378 703 436 0
202 731 370 750 424 0
202 748 371 766 429 0
202 610 402 629 463 0
202 294 442 317 504 0
202 332 434 356 498 0
202 576 597 615 703 0
203 550 264 562 289 0
203 665 330 680 374 0
203 463 355 480 398 0
203 488 345 503 388 0
203 682 378 701 437 0
203 733 371 752 426 0
203 747 372 765 430 0
203 297 441 321 503 0
203 335 433 358 498 0
203 582 595 619 707 0
204 550 264 562 290 0
204 666 329 681 372 0
204 448 357 464 399 0
204 468 350 483 395 0
204 487 344 502 388 0
204 679 377 696 437 0
204 689 376 707 436 0
204 733 372 751 427 0
204 300 441 324 503 0
204 337 432 359 498 0
204 590 596 625 709 0
205 550 264 562 290 0
205 667 327 682 371 0
205 449 358 465 400 0
205 473 346 488 391 0
205 488 344 503 388 0
205 676 378 694 439 0
205 699 373 716 432 0
205 731 372 750 429 0
205 302 440 328 501 0
205 338 432 361 498 0
205 597 600 635 719 0
206 550 264 562 290 0
206 668 327 683 370 0
206 447 358 464 400 0
206 475 346 490 389 0
206 671 380 693 439 0
206 708 372 726 429 0
206 730 372 749 430 0
206 305 437 329 499 0
206 341 431 364 495 0
206 601 606 638 718 0
207 549 264 562 290 0
207 668 326 684 369 0
207 445 358 461 399 0
207 473 347 489 389 0
207 668 380 689 440 0
207 708 372 726 429 0
207 729 372 748 431 0
207 307 434 331 497 0
207 343 429 367 493 0
207 610 608 648 718 0
208 549 263 561 289 0
208 669 325 685 368 0
208 442 357 458 399 0
208 470 348 487 389 0
208 666 380 686 441 0
208 704 373 723 430 0
208 727 373 746 432 0
208 310 433 333 494 0
208 346 429 369 490 0
208 618 607 654 719 0
209 549 263 560 289 0
209 671 324 686 367 0
209 359 361 378 403 0
209 467 347 483 389 0
209 663 380 682 442 0
209 701 373 719 431 0
209 725 375 743 434 0
209 348 426 368 486 0
209 313 432 335 492 0
209 622 610 663 719 0
210 548 263 560 289 0
210 356 336 371 373 0
210 672 323 687 367 0
210 357 362 375 405 0
210 463 347 479 390 0
210 660 381 678 442 0
210 697 373 715 431 0
210 722 376 741 435 0
210 315 431 337 492 0
210 332 430 354 490 0
210 352 432 373 488 0
210 624 613 674 719 0
211 548 263 560 289 0
211 349 332 361 370 0
211 356 335 370 372 0
211 673 323 687 367 0
211 356 365 373 410 0
211 459 347 475 390 0
211 657 382 676 442 0
211 694 374 713 431 0
211 718 378 738 436 0
211 315 428 334 483 0
211 338 427 357 484 0
211 324 431 345 490 0
211 354 432 375 487 0
211 625 618 681 718 0
212 547 263 559 289 0
212 350 335 364 373 0
212 357 333 371 369 0
212 674 323 688 366 0
212 355 367 371 412 0
212 456 348 472 391 0
212 654 384 674 442 0
212 694 375 713 432 0
212 716 379 735 436 0
212 322 430 344 490 0
212 356 431 377 487 0
212 638 622 687 719 0
213 348 335 363 373 0
213 675 323 689 365 0
213 351 353 365 397 0
213 445 349 462 393 0
213 454 348 470 392 0
213 356 373 369 416 0
213 652 384 671 442 0
213 698 377 717 433 0
213 714 379 733 438 0
213 358 426 378 483 0
213 325 429 346 489 0
213 647 624 692 719 0
214 345 335 360 372 0
214 676 322 690 365 0
214 357 368 373 411 0
214 447 348 463 391 0
214 455 350 470 392 0
214 352 373 366 416 0
214 645 383 663 443 0
214 659 381 677 439 0
214 701 378 720 434 0
214 713 379 732 439 0
214 328 426 348 485 0
214 360 425 380 482 0
214 657 622 701 719 0
215 343 333 357 371 0
215 678 321 692 365 0
215 444 348 460 391 0
215 350 372 366 416 0
215 643 385 662 446 0
215 667 377 685 436 0
215 703 380 723 437 0
215 714 379 733 438 0
215 330 426 350 485 0
215 362 423 382 482 0
216 341 331 354 370 0
216 679 321 693 365 0
216 441 349 456 391 0
216 348 373 365 415 0
216 639 386 661 447 0
216 675 375 693 433 0
216 701 383 722 438 0
216 331 426 352 485 0
216 363 423 384 480 0
217 680 322 694 365 0
217 438 350 452 392 0
217 345 372 362 416 0
217 636 387 658 447 0
217 674 377 692 434 0
217 700 384 722 440 0
217 333 425 354 484 0
217 365 422 386 478 0
218 680 321 694 363 0
218 343 372 358 416 0
218 633 387 654 448 0
218 671 377 689 435 0
218 698 384 718 440 0
218 335 423 356 483 0
218 367 420 388 477 0
219 680 320 694 363 0
219 340 372 355 416 0
219 630 388 650 449 0
219 668 379 685 436 0
219 695 385 713 442 0
219 336 421 358 481 0
219 370 419 391 476 0
220 333 333 344 371 0
220 680 319 695 362 0
220 336 374 351 418 0
220 626 389 644 450 0
220 665 379 681 437 0
220 691 385 710 443 0
220 338 420 360 480 0
220 371 419 393 475 0
221 329 337 340 374 0
221 682 318 698 365 0
221 334 377 350 423 0
221 622 391 640 450 0
221 662 381 678 437 0
221 688 386 707 443 0
221 340 419 363 479 0
221 372 418 394 474 0
222 325 339 337 375 0
222 683 319 698 364 0
222 318 348 331 383 0
222 332 379 349 425 0
222 619 393 637 450 0
222 658 382 677 438 0
222 685 386 703 443 0
222 342 418 366 478 0
222 373 416 396 473 0
223 684 319 698 364 0
223 319 345 333 380 0
223 324 349 337 385 0
223 331 380 348 427 0
223 611 391 628 449 0
223 624 392 642 448 0
223 658 384 678 438 0
223 683 386 700 442 0
223 344 418 368 476 0
223 374 413 396 471 0
224 549 263 561 288 0
224 685 318 698 363 0
224 319 344 332 379 0
224 326 357 339 394 0
224 328 379 346 424 0
224 611 393 628 452 0
224 633 389 650 446 0
224 662 385 681 439 0
224 683 383 699 440 0
224 347 418 370 474 0
224 369 412 392 470 0
225 549 263 562 287 0
225 685 317 699 362 0
225 317 344 331 380 0
225 325 379 342 424 0
225 609 394 627 452 0
225 641 386 659 443 0
225 664 385 683 440 0
225 348 418 371 474 0
225 361 413 384 471 0
225 529 420 553 483 0
226 550 262 562 286 0
226 314 340 327 375 0
226 686 316 700 362 0
226 322 379 339 424 0
226 642 385 660 443 0
226 665 386 684 443 0
226 349 418 370 473 0
226 527 419 551 481 0
226 605 396 624 458 0
227 550 262 562 285 0
227 312 340 325 374 0
227 687 315 702 361 0
227 318 378 333 426 0
227 324 381 341 427 0
227 639 385 658 443 0
227 662 387 680 445 0
227 353 415 374 473 0
227 526 418 549 481 0
227 601 398 621 458 0
228 553 263 564 287 0
228 309 340 324 373 0
228 688 315 703 361 0
228 363 366 378 407 0
228 316 378 332 426 0
228 330 384 345 428 0
228 636 385 656 443 0
228 659 389 679 445 0
228 354 413 375 472 0
228 525 419 546 482 0
228 596 397 616 460 0
229 553 263 564 288 0
229 307 339 321 372 0
229 688 315 704 360 0
229 360 366 375 408 0
229 312 379 329 426 0
229 634 386 653 442 0
229 656 389 676 445 0
229 357 412 376 470 0
229 523 419 543 483 0
229 592 397 611 460 0
230 553 263 564 287 0
230 306 336 318 371 0
230 688 316 705 360 0
230 305 354 319 390 0
230 350 364 363 404 0
230 357 366 372 407 0
230 308 380 326 426 0
230 631 388 649 442 0
230 653 390 673 445 0
230 359 412 377 467 0
230 521 419 543 483 0
230 589 397 607 461 0
231 553 263 565 287 0
231 689 316 706 359 0
231 350 364 364 406 0
231 305 381 323 429 0
231 630 388 647 443 0
231 651 391 669 447 0
231 360 411 377 465 0
231 518 420 542 484 0
232 553 263 565 287 0
232 691 315 707 358 0
232 348 365 364 408 0
232 358 364 373 405 0
232 301 382 320 430 0
232 629 388 648 443 0
232 650 390 666 447 0
232 361 411 378 464 0
232 518 421 542 484 0
233 553 263 565 288 0
233 693 314 709 357 0
233 345 367 362 409 0
233 299 382 317 432 0
233 630 389 648 443 0
233 651 389 667 445 0
233 361 410 380 464 0
233 510 418 529 479 0
233 518 422 542 485 0
233 576 403 593 461 0
234 553 263 565 287 0
234 694 313 710 356 0
234 342 366 358 407 0
234 297 382 316 433 0
234 629 391 648 443 0
234 361 409 383 463 0
234 506 418 527 479 0
234 519 424 543 485 0
234 576 402 593 463 0
235 553 263 565 287 0
235 695 313 711 356 0
235 340 364 355 406 0
235 295 383 314 435 0
235 611 390 628 446 0
235 629 391 648 445 0
235 362 409 386 462 0
235 502 419 524 479 0
235 519 424 543 487 0
235 572 404 591 469 0
236 553 262 565 287 0
236 696 313 712 356 0
236 336 362 352 406 0
236 610 391 629 445 0
236 629 392 647 447 0
236 364 409 388 462 0
236 498 420 519 478 0
236 520 424 543 488 0
236 569 407 588 472 0
237 553 262 565 286 0
237 697 313 713 355 0
237 332 363 350 408 0
237 363 358 378 403 0
237 609 391 628 444 0
237 627 393 645 448 0
237 366 409 390 461 0
237 494 420 515 479 0
237 565 409 586 471 0
237 519 429 540 490 0
238 553 261 565 284 0
238 697 313 715 354 0
238 328 364 346 408 0
238 357 357 374 399 0
238 607 393 627 445 0
238 623 394 642 449 0
238 369 409 392 460 0
238 491 420 512 480 0
238 562 410 582 470 0
238 519 429 540 490 0
238 870 683 942 719 0
239 553 261 566 284 0
239 172 328 187 363 0
239 698 312 716 354 0
239 317 364 332 407 0
239 332 363 350 406 0
239 354 357 372 397 0
239 606 394 625 446 0
239 620 395 639 449 0
239 371 408 395 459 0
239 487 420 509 481 0
239 557 411 578 470 0
239 519 428 541 492 0
239 891 691 961 717 0
240 553 261 565 284 0
240 169 327 183 362 0
240 698 311 717 354 0
240 318 365 333 408 0
240 340 361 356 403 0
240 354 357 370 397 0
240 603 395 623 447 0
240 619 393 637 444 0
240 484 421 507 482 0
240 553 412 575 471 0
240 520 429 542 492 0
240 893 689 967 719 0
241 553 260 565 284 0
241 167 327 180 361 0
241 699 311 718 354 0
241 316 366 333 408 0
241 348 359 363 401 0
241 355 357 370 398 0
241 483 422 507 481 0
241 520 430 544 492 0
241 901 692 977 719 0
242 553 260 565 284 0
242 164 328 179 361 0
242 700 311 719 354 0
242 313 366 331 407 0
242 348 358 362 400 0
242 477 423 498 483 0
242 486 422 510 480 0
242 530 424 555 487 0
242 520 431 545 493 0
243 550 259 561 281 0
243 163 328 177 361 0
243 701 310 719 354 0
243 309 366 327 408 0
243 344 355 357 399 0
243 473 423 495 484 0
243 535 421 559 483 0
243 519 432 544 495 0
244 549 258 561 280 0
244 554 260 566 284 0
244 161 327 175 361 0
244 702 310 720 353 0
244 306 366 323 409 0
244 339 353 352 398 0
244 469 424 492 484 0
244 538 419 560 479 0
244 518 434 543 497 0
245 160 325 173 361 0
245 703 309 721 353 0
245 303 363 319 406 0
245 465 425 489 485 0
245 538 416 558 477 0
245 516 436 541 499 0
246 156 325 169 362 0
246 704 309 722 353 0
246 332 351 344 398 0
246 261 393 282 444 0
246 461 425 485 486 0
246 536 416 556 477 0
246 516 436 540 500 0
247 154 325 167 363 0
247 704 309 722 353 0
247 328 352 341 399 0
247 258 392 278 443 0
247 456 424 481 486 0
247 533 415 553 479 0
247 573 401 596 458 0
247 516 436 539 500 0
248 152 326 166 364 0
248 705 309 722 352 0
248 313 357 329 401 0
248 325 353 339 398 0
248 256 391 276 440 0
248 452 424 476 487 0
248 531 416 551 482 0
248 570 402 593 458 0
248 444 440 462 488 0
248 512 435 535 501 0
249 149 326 163 363 0
249 706 308 723 351 0
249 317 356 333 400 0
249 255 391 275 439 0
249 450 425 473 485 0
249 529 417 548 483 0
249 566 403 587 458 0
249 513 437 534 503 0
250 146 327 159 363 0
250 706 308 724 350 0
250 316 356 332 400 0
250 323 353 338 397 0
250 248 393 269 438 0
250 257 391 276 437 0
250 415 392 432 443 0
250 563 404 583 458 0
250 446 433 466 485 0
250 516 435 540 507 0
251 707 307 724 349 0
251 313 356 330 399 0
251 246 395 269 441 0
251 414 392 432 444 0
251 561 405 582 458 0
251 442 433 463 485 0
251 516 436 540 506 0
252 708 307 725 349 0
252 310 357 327 399 0
252 244 396 266 445 0
252 413 391 432 443 0
252 562 405 583 459 0
252 437 433 458 486 0
252 516 434 541 506 0
253 710 307 726 349 0
253 307 358 324 399 0
253 241 397 263 447 0
253 562 405 584 459 0
253 433 432 455 488 0
253 511 440 535 512 0
254 711 307 727 348 0
254 302 359 318 401 0
254 238 399 261 448 0
254 532 411 554 485 0
254 428 431 452 489 0
254 510 440 534 514 0
255 712 307 727 348 0
255 299 360 313 402 0
255 234 399 258 449 0
255 537 408 557 479 0
255 424 432 448 490 0
255 509 441 534 516 0
256 713 308 727 348 0
256 231 401 255 452 0
256 540 406 559 472 0
256 555 408 576 463 0
256 420 432 444 491 0
256 508 440 533 516 0
257 713 305 727 345 0
257 229 401 252 453 0
257 539 405 557 469 0
257 556 409 576 464 0
257 419 433 441 492 0
257 506 438 532 518 0
258 716 309 731 347 0
258 245 360 262 404 0
258 423 389 445 447 0
258 227 402 251 453 0
258 538 405 556 468 0
258 555 409 575 463 0
258 505 437 531 520 0
259 716 309 731 347 0
259 246 366 266 411 0
259 234 387 259 435 0
259 428 389 447 444 0
259 225 403 249 454 0
259 504 438 530 523 0
260 716 306 731 344 0
260 242 367 264 412 0
260 432 388 448 444 0
260 223 405 249 455 0
260 504 439 531 525 0
261 716 306 731 344 0
261 237 366 258 412 0
261 434 386 449 443 0
261 212 407 239 457 0
261 535 410 556 467 0
261 503 440 531 527 0
262 716 306 732 344 0
262 232 364 251 411 0
262 435 384 451 441 0
262 211 404 236 459 0
262 537 409 556 465 0
262 502 444 529 527 0
263 716 306 733 344 0
263 228 362 247 410 0
263 436 383 452 438 0
263 209 405 234 460 0
263 534 411 554 469 0
263 518 427 540 502 0
263 499 457 524 531 0
264 717 306 734 344 0
264 226 363 246 410 0
264 439 384 454 436 0
264 206 407 232 462 0
264 530 413 550 476 0
264 517 425 539 498 0
264 496 460 520 532 0
265 718 305 735 343 0
265 226 363 245 408 0
265 441 383 456 434 0
265 204 409 230 464 0
265 518 426 540 497 0
265 494 460 518 534 0
266 719 304 735 343 0
266 229 361 246 405 0
266 442 382 459 433 0
266 202 410 228 465 0
266 514 415 531 487 0
266 525 416 544 484 0
266 491 460 516 535 0
267 720 304 735 343 0
267 443 381 461 432 0
267 200 410 226 467 0
267 513 415 531 484 0
267 526 416 544 480 0
267 489 461 515 537 0
268 721 303 736 343 0
268 444 380 463 431 0
268 198 409 225 468 0
268 512 414 530 480 0
268 526 414 544 474 0
268 488 463 514 540 0
269 721 302 736 342 0
269 446 381 464 430 0
269 195 409 222 469 0
269 510 415 529 478 0
269 526 414 544 471 0
269 487 466 513 542 0
270 721 302 736 341 0
270 452 381 468 431 0
270 193 409 219 470 0
270 509 417 528 480 0
270 525 413 543 471 0
270 363 448 385 500 0
270 526 429 548 498 0
270 485 468 511 542 0
271 721 301 736 341 0
271 249 354 267 399 0
271 441 379 457 428 0
271 453 379 469 429 0
271 191 409 216 470 0
271 507 418 526 482 0
271 525 416 543 477 0
271 360 448 382 501 0
271 482 469 510 541 0
272 721 301 736 340 0
272 247 356 266 399 0
272 434 378 450 427 0
272 455 378 471 428 0
272 189 409 213 470 0
272 506 418 525 481 0
272 524 418 543 481 0
272 356 448 378 504 0
272 480 469 508 541 0
273 721 301 737 340 0
273 194 360 210 409 0
273 243 356 262 399 0
273 428 378 443 427 0
273 457 378 473 427 0
273 187 409 212 472 0
273 504 418 523 480 0
273 523 419 542 485 0
273 353 449 376 504 0
273 477 470 503 546 0
274 722 301 737 339 0
274 191 360 208 409 0
274 238 356 257 399 0
274 428 377 443 426 0
274 458 377 475 427 0
274 183 412 207 473 0
274 501 419 522 482 0
274 522 420 542 487 0
274 347 449 370 505 0
274 475 472 502 548 0
275 722 301 737 339 0
275 185 364 202 409 0
275 193 357 209 406 0
275 235 356 253 398 0
275 429 375 444 424 0
275 459 376 476 426 0
275 181 414 205 475 0
275 499 420 521 484 0
275 520 420 541 488 0
275 344 450 368 505 0
275 529 428 553 499 0
275 472 473 500 550 0
276 722 301 737 339 0
276 183 365 199 410 0
276 232 356 250 398 0
276 431 373 446 422 0
276 460 374 477 425 0
276 179 417 202 477 0
276 497 421 520 487 0
276 518 420 539 490 0
276 341 451 363 507 0
276 530 428 555 501 0
276 470 473 497 551 0
277 722 300 737 339 0
277 230 356 247 398 0
277 178 374 196 416 0
277 434 373 449 422 0
277 461 373 479 423 0
277 177 419 200 479 0
277 495 421 519 487 0
277 517 420 539 491 0
277 338 452 359 508 0
277 533 431 558 506 0
277 468 474 495 552 0
278 722 299 737 339 0
278 176 358 194 403 0
278 227 355 244 398 0
278 463 372 481 423 0
278 175 419 197 480 0
278 494 421 517 487 0
278 517 420 538 491 0
278 333 454 354 510 0
278 536 433 559 509 0
278 466 476 493 555 0
279 722 298 737 339 0
279 174 351 192 395 0
279 225 355 242 398 0
279 172 373 191 418 0
279 466 372 482 423 0
279 173 422 195 480 0
279 493 421 516 487 0
279 518 420 537 489 0
279 330 455 350 512 0
279 539 436 561 512 0
279 465 478 491 558 0
280 171 349 189 393 0
280 223 355 241 398 0
280 169 372 187 419 0
280 442 372 456 420 0
280 468 371 484 422 0
280 170 423 192 481 0
280 493 422 515 489 0
280 518 420 537 488 0
280 326 456 347 514 0
280 539 436 561 512 0
280 463 481 490 560 0
281 169 348 186 388 0
281 222 355 240 399 0
281 165 373 182 420 0
281 442 372 456 420 0
281 471 370 487 421 0
281 166 426 190 482 0
281 492 423 514 489 0
281 519 421 538 488 0
281 323 457 344 517 0
281 538 435 561 511 0
281 549 441 571 515 0
281 460 482 488 559 0
282 166 348 183 387 0
282 152 376 169 424 0
282 160 373 178 420 0
282 443 372 458 420 0
282 474 370 490 418 0
282 164 426 187 484 0
282 492 424 515 490 0
282 520 421 540 490 0
282 320 458 342 518 0
282 534 431 557 508 0
282 547 441 571 516 0
282 457 483 486 558 0
283 721 295 735 335 0
283 164 349 181 387 0
283 157 374 176 420 0
283 444 372 459 419 0
283 475 369 492 417 0
283 160 426 182 485 0
283 492 425 515 489 0
283 522 421 541 492 0
283 314 458 336 519 0
283 528 428 551 505 0
283 548 441 573 516 0
283 453 483 484 559 0
284 721 296 735 334 0
284 162 349 179 386 0
284 152 373 170 421 0
284 446 371 461 418 0
284 477 369 493 417 0
284 157 425 179 485 0
284 493 424 516 490 0
284 150 436 167 494 0
284 525 426 547 503 0
284 549 442 575 519 0
284 312 462 335 525 0
284 449 483 482 560 0
285 721 296 736 334 0
285 161 350 176 388 0
285 477 367 494 415 0
285 150 374 168 422 0
285 159 376 177 421 0
285 446 370 463 417 0
285 152 424 172 487 0
285 493 426 515 495 0
285 523 425 546 502 0
285 551 444 577 521 0
285 310 462 332 526 0
285 446 488 478 562 0
286 721 297 736 334 0
286 162 351 176 390 0
286 447 368 464 414 0
286 478 366 495 414 0
286 146 375 164 423 0
286 151 430 171 492 0
286 493 427 516 497 0
286 523 426 546 500 0
286 308 463 329 528 0
286 439 486 472 567 0
287 721 297 736 334 0
287 150 353 165 391 0
287 449 368 465 414 0
287 479 367 496 413 0
287 487 366 502 410 0
287 141 376 160 423 0
287 471 370 487 417 0
287 149 432 169 493 0
287 493 430 516 499 0
287 524 427 546 499 0
287 306 464 326 530 0
287 438 486 467 566 0
288 720 297 735 334 0
288 150 348 166 385 0
288 449 367 466 414 0
288 470 367 487 413 0
288 486 366 502 411 0
288 136 376 155 422 0
288 147 434 166 495 0
288 493 432 517 499 0
288 525 430 546 499 0
288 561 447 582 525 0
288 303 466 324 532 0
288 435 486 462 569 0
289 719 296 734 332 0
289 149 346 165 381 0
289 449 365 466 413 0
289 461 367 479 413 0
289 486 366 503 411 0
289 134 377 152 422 0
289 493 434 517 499 0
289 525 431 546 498 0
289 563 449 585 525 0
289 300 467 322 533 0
289 432 487 458 573 0
290 718 295 733 331 0
290 148 347 163 381 0
290 453 365 471 412 0
290 489 365 504 410 0
290 131 379 148 422 0
290 494 434 517 499 0
290 525 432 546 499 0
290 563 450 585 522 0
290 297 468 320 533 0
290 428 489 455 576 0
291 718 294 733 330 0
291 145 348 159 383 0
291 453 364 472 411 0
291 491 363 506 410 0
291 494 435 517 500 0
291 524 434 546 501 0
291 563 449 587 523 0
291 294 470 318 534 0
291 425 492 452 577 0
292 142 350 156 387 0
292 454 363 473 410 0
292 493 362 508 409 0
292 495 435 517 502 0
292 524 435 546 506 0
292 291 471 316 535 0
292 421 494 449 577 0
293 190 355 207 398 0
293 456 363 475 410 0
293 494 361 509 408 0
293 495 436 517 503 0
293 523 435 546 509 0
293 288 472 313 536 0
293 417 494 446 578 0
294 717 293 732 328 0
294 187 355 204 397 0
294 458 362 476 408 0
294 496 361 510 408 0
294 496 436 517 504 0
294 524 436 545 510 0
294 285 472 311 539 0
294 414 496 444 579 0
295 717 292 731 328 0
295 186 355 203 398 0
295 460 361 478 407 0
295 497 360 510 407 0
295 497 436 518 504 0
295 524 437 545 509 0
295 280 470 304 542 0
295 407 498 439 580 0
296 716 292 731 327 0
296 183 356 200 398 0
296 462 360 480 405 0
296 498 359 511 406 0
296 497 437 518 505 0
296 525 438 546 509 0
296 278 472 302 544 0
296 403 500 435 582 0
297 716 292 730 327 0
297 180 355 197 398 0
297 464 360 481 404 0
297 498 357 512 404 0
297 496 439 518 508 0
297 525 438 547 511 0
297 276 474 300 546 0
297 399 500 430 583 0
298 715 291 730 327 0
298 177 356 195 399 0
298 466 360 483 405 0
298 499 357 514 403 0
298 496 441 518 511 0
298 526 439 548 514 0
298 274 476 299 548 0
298 395 501 424 588 0
299 714 290 728 326 0
299 175 358 194 399 0
299 468 360 486 405 0
299 501 356 515 403 0
299 496 444 518 513 0
299 526 440 548 515 0
299 271 478 298 548 0
299 392 502 420 592 0
300 714 289 727 325 0
300 470 358 488 405 0
300 503 356 517 403 0
300 496 445 518 514 0
300 526 442 548 516 0
300 268 479 295 548 0
300 151 503 182 580 0
300 387 505 416 596 0
301 714 289 727 325 0
301 472 357 489 404 0
301 504 355 518 402 0
301 496 446 518 515 0
301 526 443 548 517 0
301 264 481 292 549 0
301 151 498 185 582 0
301 383 508 413 597 0
302 714 288 727 325 0
302 473 356 490 403 0
302 506 354 520 401 0
302 495 447 518 518 0
302 524 443 548 520 0
302 261 483 288 550 0
302 154 494 187 580 0
302 382 508 410 596 0
303 714 289 727 324 0
303 475 356 491 402 0
303 507 354 522 399 0
303 495 449 518 521 0
303 524 444 549 523 0
303 258 485 284 552 0
303 158 493 188 576 0
303 374 511 404 598 0
304 713 288 726 324 0
304 162 356 181 398 0
304 477 355 493 401 0
304 508 354 524 399 0
304 496 450 518 523 0
304 526 446 549 526 0
304 255 485 281 555 0
304 161 491 190 573 0
304 370 510 401 600 0
305 712 288 726 323 0
305 160 356 178 396 0
305 479 354 495 400 0
305 510 354 525 398 0
305 497 451 519 524 0
305 527 448 550 527 0
305 252 485 278 556 0
305 164 490 194 570 0
305 364 517 398 602 0
306 712 288 725 323 0
306 158 355 175 395 0
306 480 353 497 398 0
306 509 353 525 397 0
306 496 450 519 525 0
306 528 449 550 528 0
306 246 486 271 557 0
306 615 467 646 554 0
306 167 490 197 570 0
306 359 518 393 603 0
307 711 287 725 322 0
307 481 353 499 397 0
307 508 352 523 395 0
307 496 450 518 527 0
307 527 448 550 529 0
307 244 487 269 558 0
307 255 484 278 549 0
307 618 467 649 555 0
307 170 490 200 569 0
307 354 520 387 604 0
308 710 287 724 322 0
308 482 353 500 397 0
308 504 351 520 395 0
308 495 451 518 528 0
308 526 448 550 530 0
308 620 468 652 557 0
308 173 488 203 568 0
308 240 490 267 561 0
308 350 523 381 606 0
309 709 287 723 322 0
309 483 353 499 398 0
309 502 351 517 395 0
309 526 447 550 532 0
309 189 481 215 552 0
309 494 455 517 532 0
309 623 471 654 558 0
309 176 486 206 566 0
309 236 491 264 563 0
309 342 524 372 610 0
310 708 286 722 322 0
310 483 352 498 397 0
310 178 481 207 562 0
310 493 455 516 534 0
310 526 452 551 533 0
310 625 472 656 558 0
310 232 493 261 564 0
310 338 527 369 614 0
311 708 285 722 321 0
311 145 355 162 395 0
311 184 479 215 558 0
311 492 456 516 536 0
311 525 452 551 534 0
311 627 473 657 559 0
311 229 494 257 566 0
311 333 529 365 616 0
312 707 285 721 321 0
312 143 355 159 394 0
312 186 479 216 559 0
312 490 457 516 538 0
312 524 453 550 535 0
312 629 473 659 560 0
312 226 495 254 567 0
312 328 530 360 616 0
313 707 285 721 321 0
313 142 354 158 395 0
313 190 478 217 557 0
313 489 460 516 540 0
313 524 455 550 537 0
313 631 475 663 562 0
313 222 494 250 570 0
313 322 531 353 616 0
314 706 286 720 321 0
314 140 354 156 395 0
314 519 342 532 387 0
314 194 476 219 556 0
314 488 463 515 541 0
314 523 458 549 538 0
314 632 477 667 564 0
314 205 492 234 570 0
314 219 494 246 574 0
314 316 532 349 617 0
315 706 286 720 320 0
315 137 354 154 395 0
315 519 342 533 387 0
315 197 474 223 558 0
315 486 464 513 541 0
315 523 460 549 540 0
315 210 490 241 576 0
315 634 483 673 567 0
315 308 534 340 619 0
316 705 285 720 320 0
316 134 355 151 395 0
316 504 347 519 391 0
316 519 344 534 388 0
316 200 472 228 563 0
316 484 463 511 541 0
316 523 462 550 543 0
316 209 487 240 577 0
316 635 485 673 567 0
316 304 535 336 621 0
317 705 285 719 319 0
317 130 356 147 393 0
317 501 346 517 390 0
317 520 345 535 388 0
317 481 463 509 541 0
317 523 463 550 544 0
317 208 486 239 579 0
317 642 483 677 571 0
317 299 535 330 624 0
318 704 285 719 319 0
318 128 355 144 393 0
318 499 346 516 390 0
318 520 345 537 387 0
318 156 411 177 462 0
318 479 464 507 542 0
318 523 465 549 545 0
318 208 491 238 580 0
318 645 484 679 572 0
318 294 537 324 627 0
319 702 285 718 319 0
319 127 353 142 392 0
319 499 347 516 390 0
319 521 345 539 387 0
319 157 410 179 461 0
319 477 468 504 544 0
319 523 467 549 545 0
319 205 497 234 581 0
319 649 486 683 574 0
319 276 538 304 615 0
319 288 539 318 630 0
320 701 285 716 318 0
320 127 353 142 392 0
320 501 346 517 390 0
320 522 345 540 387 0
320 161 409 182 459 0
320 212 466 238 553 0
320 475 469 502 544 0
320 523 468 549 547 0
320 202 500 231 581 0
320 653 488 686 574 0
320 283 541 315 631 0
321 502 346 518 389 0
321 524 344 541 386 0
321 165 408 186 458 0
321 213 466 240 550 0
321 472 469 499 546 0
321 522 468 549 549 0
321 199 503 228 581 0
321 655 490 690 575 0
321 274 542 308 632 0
322 503 346 518 388 0
322 524 343 541 385 0
322 168 407 190 457 0
322 219 465 246 544 0
322 469 470 497 547 0
322 521 470 549 551 0
322 196 508 226 585 0
322 657 490 693 576 0
322 269 545 306 636 0
323 504 345 519 387 0
323 525 341 542 383 0
323 170 406 192 456 0
323 222 465 248 543 0
323 467 471 495 550 0
323 520 471 548 549 0
323 194 513 223 589 0
323 659 490 698 579 0
323 264 547 299 637 0
324 505 345 520 386 0
324 525 341 542 381 0
324 172 406 194 456 0
324 225 463 251 542 0
324 465 472 493 552 0
324 518 472 547 551 0
324 193 516 221 591 0
324 662 491 702 581 0
324 257 549 292 638 0
325 506 345 522 385 0
325 526 341 542 380 0
325 176 406 196 455 0
325 228 461 252 539 0
325 463 474 490 554 0
325 517 474 546 554 0
325 665 493 705 582 0
325 192 521 219 595 0
325 252 550 286 640 0
326 507 344 523 384 0
326 527 341 543 380 0
326 179 406 199 455 0
326 230 460 255 535 0
326 461 476 487 556 0
326 515 477 544 559 0
326 668 494 705 585 0
326 189 520 216 596 0
326 248 553 283 644 0
327 529 339 545 378 0
327 508 342 523 384 0
327 182 405 202 454 0
327 232 460 258 532 0
327 458 477 485 558 0
327 513 479 542 562 0
327 676 495 711 588 0
327 185 521 215 598 0
327 239 553 271 644 0
328 530 338 545 378 0
328 507 341 523 384 0
328 184 403 204 454 0
328 234 459 261 532 0
328 454 479 483 560 0
328 509 478 536 557 0
328 680 497 715 588 0
328 179 524 209 600 0
328 234 555 265 646 0
329 531 338 545 377 0
329 61 349 76 380 0
329 507 341 523 384 0
329 188 402 209 454 0
329 237 460 263 532 0
329 450 481 481 560 0
329 507 478 534 560 0
329 684 501 720 589 0
329 179 525 208 601 0
329 227 557 258 648 0
330 532 337 546 377 0
330 60 348 75 380 0
330 507 341 523 385 0
330 190 402 210 452 0
330 239 459 266 531 0
330 446 482 480 561 0
330 503 478 530 561 0
330 687 504 724 590 0
330 177 527 206 603 0
330 207 562 239 645 0
330 220 559 254 651 0
331 533 337 548 378 0
331 60 350 75 381 0
331 508 340 524 385 0
331 192 402 213 451 0
331 241 457 267 530 0
331 441 484 474 567 0
331 500 484 528 569 0
331 690 505 727 591 0
331 172 527 203 605 0
331 215 561 251 657 0
332 535 336 549 377 0
332 63 351 78 383 0
332 509 339 524 384 0
332 195 403 216 450 0
332 243 452 269 525 0
332 255 453 278 517 0
332 440 483 472 567 0
332 496 485 524 569 0
332 693 505 730 594 0
332 168 529 198 609 0
332 204 564 243 660 0
333 512 337 527 379 0
333 536 336 550 377 0
333 197 402 218 451 0
333 246 450 271 524 0
333 439 483 469 568 0
333 492 485 522 570 0
333 695 507 735 596 0
333 164 530 194 613 0
333 712 528 741 602 0
333 199 565 235 663 0
334 512 337 528 378 0
334 537 336 551 376 0
334 97 354 112 391 0
334 199 397 221 450 0
334 252 452 280 524 0
334 437 485 467 569 0
334 487 485 517 568 0
334 697 510 739 598 0
334 162 532 189 616 0
334 194 568 228 663 0
335 513 337 528 378 0
335 538 335 552 376 0
335 95 354 111 391 0
335 202 396 224 450 0
335 254 452 282 522 0
335 435 487 466 570 0
335 470 492 498 570 0
335 483 488 512 571 0
335 158 533 185 615 0
335 705 513 744 607 0
335 188 570 222 663 0
336 513 336 528 377 0
336 539 335 552 375 0
336 93 354 109 392 0
336 206 396 226 450 0
336 258 450 284 521 0
336 433 490 464 571 0
336 480 491 508 575 0
336 156 535 182 615 0
336 708 514 746 608 0
336 188 574 219 656 0
337 514 335 529 376 0
337 540 335 553 375 0
337 93 354 109 392 0
337 209 396 229 450 0
337 261 447 286 520 0
337 431 491 461 573 0
337 475 489 501 573 0
337 712 515 749 611 0
337 191 579 219 647 0
338 515 335 530 375 0
338 540 334 553 374 0
338 86 355 103 391 0
338 96 353 110 391 0
338 212 397 233 450 0
338 264 444 288 518 0
338 428 491 457 575 0
338 470 491 498 575 0
338 716 516 753 613 0
339 515 334 530 374 0
339 540 334 553 373 0
339 215 402 236 451 0
339 266 442 291 516 0
339 425 492 453 578 0
339 465 493 493 576 0
339 719 517 756 616 0
340 516 334 531 374 0
340 538 333 551 371 0
340 82 355 99 390 0
340 216 403 237 451 0
340 268 441 294 515 0
340 420 495 450 580 0
340 461 495 490 579 0
340 722 519 759 617 0
341 516 334 531 375 0
341 535 332 549 371 0
341 81 355 97 390 0
341 221 394 244 447 0
341 271 441 296 514 0
341 417 497 447 582 0
341 459 497 486 583 0
341 724 520 760 618 0
342 516 332 530 373 0
342 81 355 96 391 0
342 223 395 246 445 0
342 273 440 299 513 0
342 420 499 451 583 0
342 455 501 481 586 0
342 727 522 764 619 0
343 78 355 94 391 0
343 226 395 249 443 0
343 276 439 302 512 0
343 409 499 438 586 0
343 429 501 459 586 0
343 451 504 477 588 0
343 729 524 769 623 0
344 76 355 93 391 0
344 228 395 251 444 0
344 278 438 305 511 0
344 407 500 437 589 0
344 438 506 467 590 0
344 731 527 773 627 0
345 74 355 91 391 0
345 230 395 253 444 0
345 283 437 312 509 0
345 404 502 434 590 0
345 439 509 468 592 0
345 737 532 778 632 0
346 72 355 89 391 0
346 232 395 254 444 0
346 285 437 313 508 0
346 400 505 431 592 0
346 435 510 464 593 0
346 740 534 780 634 0
347 39 346 54 377 0
347 70 355 87 392 0
347 233 395 255 443 0
347 288 436 314 506 0
347 396 508 425 592 0
347 431 510 460 595 0
347 743 534 782 636 0
348 39 346 54 377 0
348 69 355 85 391 0
348 236 395 256 442 0
348 291 432 315 503 0
348 392 509 420 595 0
348 427 510 456 597 0
348 745 535 784 637 0
349 67 355 84 390 0
349 238 395 258 441 0
349 294 430 317 501 0
349 387 509 415 597 0
349 424 509 452 599 0
349 746 540 786 647 0
350 65 354 82 389 0
350 241 394 262 440 0
350 296 428 318 499 0
350 387 509 417 598 0
350 420 508 447 601 0
350 376 519 403 603 0
350 749 543 790 646 0
351 552 329 565 366 0
351 63 354 80 389 0
351 243 393 266 439 0
351 297 428 320 499 0
351 395 510 424 598 0
351 374 517 407 602 0
351 418 514 445 604 0
351 751 544 792 647 0
352 535 329 548 366 0
352 552 329 565 366 0
352 62 354 79 390 0
352 245 392 268 438 0
352 300 428 323 498 0
352 371 519 405 602 0
352 416 516 442 605 0
352 753 545 795 649 0
353 533 329 547 366 0
353 553 328 566 365 0
353 61 354 77 391 0
353 247 391 270 438 0
353 303 428 326 497 0
353 368 520 400 603 0
353 411 514 436 605 0
353 757 548 798 652 0
354 532 328 546 365 0
354 555 327 568 363 0
354 42 347 58 380 0
354 60 354 76 391 0
354 249 391 271 437 0
354 306 427 328 495 0
354 364 521 393 604 0
354 407 515 432 607 0
354 758 552 801 654 0
