1 23 331 45 364 0
1 961 315 984 356 0
1 824 351 844 396 0
1 105 379 128 427 0
1 127 375 150 422 0
1 322 435 349 487 0
1 156 528 189 595 0
1 772 536 814 603 0
1 758 516 827 626 0
2 608 280 621 316 0
2 26 343 44 373 0
2 974 319 992 361 0
2 833 356 848 405 0
2 115 380 135 434 0
2 134 375 152 427 0
2 327 432 350 494 0
2 160 520 191 608 0
2 774 532 818 619 0
3 610 279 623 314 0
3 26 342 44 372 0
3 974 319 992 361 0
3 833 356 849 406 0
3 113 380 132 434 0
3 135 375 154 428 0
3 325 433 349 495 0
3 155 521 188 610 0
3 777 531 821 621 0
4 609 279 622 315 0
4 974 319 992 361 0
4 833 356 849 406 0
4 137 378 155 431 0
4 323 434 346 497 0
4 150 525 187 615 0
4 782 530 825 623 0
5 567 270 582 299 0
5 974 319 992 361 0
5 1022 320 1039 369 0
5 833 356 849 406 0
5 138 380 156 434 0
5 321 435 344 498 0
5 153 534 186 611 0
5 787 526 831 625 0
6 567 270 582 298 0
6 974 319 992 362 0
6 1021 320 1038 368 0
6 833 355 849 406 0
6 139 380 158 436 0
6 320 436 343 499 0
6 140 532 176 616 0
6 155 540 184 609 0
6 790 521 831 623 0
7 566 268 580 295 0
7 974 319 992 362 0
7 1019 319 1038 368 0
7 833 355 849 406 0
7 140 379 159 434 0
7 319 437 342 499 0
7 785 497 818 591 0
7 793 518 832 621 0
7 809 534 847 629 0
8 566 268 580 294 0
8 973 319 993 361 0
8 1020 319 1038 368 0
8 833 355 849 405 0
8 318 438 341 501 0
8 781 493 812 585 0
8 795 522 830 619 0
8 813 538 850 628 0
9 566 268 579 294 0
9 622 285 636 316 0
9 758 287 776 325 0
9 973 319 993 361 0
9 1021 319 1039 368 0
9 833 355 849 405 0
9 142 380 160 434 0
9 314 438 339 503 0
9 776 490 808 580 0
9 814 541 855 630 0
10 566 267 580 294 0
10 620 282 634 315 0
10 973 318 993 360 0
10 833 355 849 406 0
10 143 382 161 436 0
10 313 440 339 505 0
10 768 491 800 576 0
10 841 542 872 623 0
10 811 548 855 641 0
11 566 267 580 295 0
11 620 281 633 314 0
11 974 318 993 361 0
11 834 356 849 407 0
11 145 383 163 437 0
11 312 441 338 506 0
11 764 490 799 575 0
11 840 543 874 628 0
11 816 548 861 642 0
12 567 268 580 295 0
12 974 319 992 361 0
12 833 356 850 407 0
12 146 383 165 437 0
12 310 441 337 507 0
12 760 488 794 573 0
12 821 548 866 639 0
13 566 268 580 295 0
13 974 319 992 361 0
13 833 356 851 407 0
13 148 383 167 437 0
13 307 441 334 508 0
13 754 486 786 571 0
13 826 548 873 639 0
14 566 268 580 295 0
14 623 282 637 315 0
14 974 319 992 361 0
14 1020 319 1036 369 0
14 832 354 852 406 0
14 150 385 169 438 0
14 305 443 332 509 0
14 748 484 779 571 0
14 838 550 883 640 0
15 566 268 580 296 0
15 624 281 638 315 0
15 974 319 992 362 0
15 1019 318 1035 368 0
15 833 354 853 404 0
15 151 386 171 439 0
15 303 444 329 510 0
15 745 484 773 570 0
15 843 552 887 644 0
16 566 269 581 296 0
16 625 281 640 315 0
16 974 318 992 362 0
16 1016 317 1032 365 0
16 833 352 855 403 0
16 152 388 172 440 0
16 302 446 328 512 0
16 737 485 767 568 0
16 848 553 891 647 0
16 872 553 903 645 0
17 567 269 581 297 0
17 626 281 640 314 0
17 974 319 992 362 0
17 1015 319 1031 360 0
17 833 353 855 404 0
17 153 387 172 440 0
17 301 447 326 513 0
17 734 484 764 568 0
17 854 553 895 647 0
18 567 269 581 297 0
18 627 282 642 314 0
18 972 322 990 363 0
18 832 354 852 406 0
18 156 386 176 437 0
18 299 447 325 515 0
18 730 482 760 569 0
18 858 556 899 650 0
19 566 268 580 296 0
19 629 283 643 315 0
19 832 356 850 407 0
19 157 386 177 436 0
19 297 448 324 517 0
19 725 483 755 567 0
19 861 559 905 654 0
20 566 268 580 296 0
20 631 283 645 316 0
20 832 355 849 408 0
20 41 382 65 436 0
20 158 386 178 435 0
20 295 449 323 519 0
20 723 478 754 564 0
20 871 561 917 658 0
21 566 269 580 297 0
21 632 282 646 317 0
21 969 324 986 356 0
21 1020 319 1037 363 0
21 833 355 848 408 0
21 36 383 61 437 0
21 160 388 179 436 0
21 293 449 321 520 0
21 718 479 751 563 0
21 869 564 923 663 0
22 566 269 580 297 0
22 634 282 647 318 0
22 972 322 990 357 0
22 1017 319 1034 362 0
22 833 355 850 407 0
22 31 385 58 439 0
22 161 389 180 438 0
22 291 450 319 521 0
22 714 478 748 560 0
22 879 565 928 658 0
23 567 269 580 298 0
23 974 320 991 358 0
23 832 357 852 407 0
23 162 389 181 439 0
23 290 450 318 522 0
23 711 477 742 555 0
23 885 566 934 658 0
24 567 269 581 298 0
24 972 322 991 358 0
24 831 359 855 407 0
24 163 389 182 439 0
24 289 451 316 525 0
24 703 475 732 558 0
24 890 568 938 659 0
25 566 269 580 298 0
25 973 322 990 358 0
25 832 362 855 408 0
25 163 390 184 440 0
25 288 451 314 527 0
25 700 475 729 557 0
25 902 571 949 663 0
26 566 269 580 297 0
26 973 320 990 359 0
26 830 360 853 406 0
26 163 391 185 442 0
26 288 456 313 530 0
26 695 474 725 555 0
26 906 572 954 667 0
27 567 269 580 297 0
27 975 317 991 361 0
27 831 359 852 404 0
27 165 391 186 443 0
27 286 458 312 530 0
27 691 473 721 553 0
27 913 572 960 668 0
28 567 269 581 298 0
28 974 318 992 362 0
28 832 356 851 404 0
28 166 391 187 443 0
28 284 461 311 532 0
28 687 470 717 552 0
28 919 573 965 668 0
29 568 269 582 299 0
29 974 319 992 362 0
29 833 356 852 405 0
29 167 392 188 445 0
29 279 463 306 534 0
29 684 469 712 551 0
29 923 577 967 676 0
30 568 269 582 299 0
30 974 319 992 362 0
30 832 354 851 406 0
30 168 394 190 446 0
30 278 465 305 536 0
30 680 468 708 550 0
30 925 580 972 681 0
31 568 269 582 299 0
31 974 319 992 362 0
31 833 354 851 407 0
31 170 395 190 447 0
31 277 467 304 537 0
31 676 469 707 548 0
31 933 583 982 685 0
32 568 269 583 298 0
32 974 319 992 362 0
32 834 354 850 407 0
32 171 396 191 447 0
32 275 467 302 537 0
32 669 469 703 548 0
32 939 583 988 688 0
33 569 270 583 299 0
33 974 319 992 362 0
33 834 355 850 407 0
33 172 396 192 448 0
33 273 467 299 540 0
33 664 468 697 546 0
33 680 473 706 539 0
33 947 585 994 683 0
34 569 270 583 300 0
34 974 319 992 362 0
34 833 356 848 406 0
34 173 396 194 449 0
34 272 468 297 543 0
34 660 466 690 544 0
34 954 587 1001 686 0
35 569 271 583 300 0
35 974 318 992 362 0
35 833 356 848 406 0
35 174 396 196 450 0
35 270 469 294 545 0
35 657 465 683 540 0
35 965 591 1018 686 0
36 569 271 583 300 0
36 974 318 992 362 0
36 832 356 848 406 0
36 175 396 198 451 0
36 268 471 292 545 0
36 653 465 680 539 0
36 969 591 1024 693 0
37 570 271 584 299 0
37 974 319 992 362 0
37 831 355 848 406 0
37 177 399 198 454 0
37 265 472 289 546 0
37 637 468 663 534 0
37 649 465 676 537 0
37 975 594 1029 695 0
38 571 271 584 299 0
38 974 319 992 362 0
38 1020 319 1037 369 0
38 831 355 848 407 0
38 179 399 200 454 0
38 261 473 287 548 0
38 646 463 672 536 0
38 982 595 1033 697 0
39 571 271 585 299 0
39 974 319 992 362 0
39 1018 319 1036 368 0
39 832 356 848 407 0
39 181 398 201 455 0
39 257 474 285 550 0
39 640 462 665 537 0
39 988 600 1036 694 0
40 974 318 993 362 0
40 1016 319 1035 366 0
40 832 356 848 407 0
40 181 398 202 456 0
40 254 476 282 552 0
40 637 459 662 535 0
40 996 604 1052 698 0
41 974 318 993 361 0
41 1017 320 1035 365 0
41 832 356 848 407 0
41 181 399 203 456 0
41 251 478 280 552 0
41 633 461 659 533 0
41 996 605 1054 712 0
42 973 321 992 362 0
42 832 356 848 407 0
42 181 400 203 457 0
42 246 479 273 551 0
42 628 462 657 531 0
42 1004 604 1060 714 0
43 660 280 673 317 0
43 972 322 990 360 0
43 832 356 848 407 0
43 182 401 204 457 0
43 245 481 271 553 0
43 625 465 653 528 0
43 1012 603 1068 716 0
44 661 280 674 318 0
44 832 356 848 407 0
44 183 401 205 457 0
44 244 482 268 556 0
44 1018 605 1075 717 0
45 661 280 675 318 0
45 833 356 848 408 0
45 183 401 206 457 0
45 242 484 267 558 0
45 1030 606 1088 715 0
46 570 270 586 298 0
46 661 281 675 319 0
46 973 321 990 361 0
46 1023 320 1040 370 0
46 833 356 850 408 0
46 183 401 206 459 0
46 240 485 265 559 0
46 1037 607 1095 716 0
47 570 271 586 299 0
47 662 282 676 319 0
47 972 319 991 361 0
47 833 357 851 409 0
47 184 403 205 460 0
47 238 488 263 562 0
47 1044 609 1099 718 0
48 570 271 586 300 0
48 663 283 678 319 0
48 973 318 991 361 0
48 834 356 853 408 0
48 184 404 205 460 0
48 234 489 260 563 0
48 1050 611 1102 718 0
49 570 271 586 301 0
49 973 318 991 362 0
49 834 355 854 408 0
49 185 405 205 459 0
49 231 489 257 566 0
49 1056 628 1099 706 0
50 571 272 586 302 0
50 973 318 991 362 0
50 835 354 855 407 0
50 187 405 209 463 0
50 228 491 256 568 0
51 572 273 586 302 0
51 973 318 991 362 0
51 837 351 857 406 0
51 188 405 209 463 0
51 227 492 255 570 0
52 572 273 585 302 0
52 910 316 922 360 0
52 973 319 991 362 0
52 841 350 858 406 0
52 188 406 209 464 0
52 225 494 252 570 0
53 572 273 585 302 0
53 973 319 991 362 0
53 844 350 859 406 0
53 188 406 209 465 0
53 222 495 249 571 0
54 572 273 586 302 0
54 973 319 990 362 0
54 844 352 859 401 0
54 189 407 210 467 0
54 220 495 246 575 0
55 572 273 586 302 0
55 973 318 990 362 0
55 190 407 210 468 0
55 215 496 239 576 0
56 573 274 586 303 0
56 973 318 991 363 0
56 190 407 211 469 0
56 214 497 238 579 0
57 573 274 586 303 0
57 973 318 991 362 0
57 191 408 213 470 0
57 213 499 238 581 0
58 574 275 587 303 0
58 971 318 990 362 0
58 856 347 872 390 0
58 192 409 214 472 0
58 210 501 236 583 0
59 574 275 587 303 0
59 969 318 989 362 0
59 1007 320 1024 370 0
59 858 348 875 390 0
59 192 412 215 474 0
59 205 504 235 585 0
60 575 274 588 304 0
60 967 319 989 361 0
60 1008 320 1025 369 0
60 860 348 877 391 0
60 193 412 216 475 0
60 201 507 233 588 0
61 575 274 589 304 0
61 966 319 987 361 0
61 1008 319 1025 367 0
61 861 349 879 395 0
61 194 412 216 474 0
61 197 508 230 590 0
62 576 274 590 304 0
62 964 319 985 362 0
62 1008 319 1025 367 0
62 1022 321 1040 369 0
62 862 348 881 398 0
62 195 410 217 473 0
62 196 509 227 591 0
63 576 274 590 304 0
63 752 301 767 339 0
63 962 318 982 362 0
63 1008 319 1025 367 0
63 1024 322 1042 370 0
63 865 348 881 397 0
63 195 409 217 474 0
63 550 443 573 508 0
63 193 508 223 593 0
64 576 275 590 305 0
64 743 300 758 338 0
64 750 300 766 339 0
64 960 318 980 362 0
64 1007 320 1024 367 0
64 1026 323 1044 370 0
64 196 410 217 475 0
64 543 445 568 509 0
64 189 509 219 595 0
65 577 274 591 306 0
65 744 302 758 340 0
65 750 299 766 339 0
65 958 318 978 362 0
65 1006 321 1024 367 0
65 1026 324 1045 371 0
65 197 412 218 476 0
65 542 444 569 508 0
65 187 510 217 595 0
66 577 274 591 307 0
66 742 303 757 341 0
66 955 317 977 361 0
66 1003 322 1022 367 0
66 1026 325 1044 372 0
66 197 413 219 475 0
66 541 443 568 506 0
66 185 520 216 601 0
67 952 316 973 362 0
67 999 322 1020 367 0
67 1024 325 1042 372 0
67 197 413 221 476 0
67 539 443 566 505 0
67 178 519 208 601 0
68 948 316 968 363 0
68 997 321 1018 368 0
68 1023 325 1040 372 0
68 891 348 903 391 0
68 198 413 223 478 0
68 537 441 563 504 0
68 175 520 205 602 0
69 576 274 591 304 0
69 945 316 964 363 0
69 996 321 1015 368 0
69 1021 325 1038 373 0
69 892 347 906 391 0
69 199 415 224 482 0
69 534 440 561 503 0
69 169 521 202 603 0
70 577 275 591 304 0
70 943 317 962 364 0
70 994 321 1012 370 0
70 1019 326 1037 375 0
70 893 347 909 391 0
70 201 417 225 483 0
70 532 438 558 502 0
70 164 524 199 605 0
71 579 275 591 304 0
71 940 317 959 364 0
71 991 321 1009 371 0
71 1016 326 1035 376 0
71 895 347 912 390 0
71 203 418 226 483 0
71 531 435 555 501 0
71 161 527 195 606 0
72 579 276 591 305 0
72 938 319 957 365 0
72 989 322 1007 370 0
72 1013 327 1032 375 0
72 900 346 916 390 0
72 204 417 227 482 0
72 530 434 552 500 0
72 157 530 191 607 0
73 579 276 591 305 0
73 935 321 953 364 0
73 989 322 1007 369 0
73 1011 327 1030 375 0
73 904 346 920 390 0
73 206 418 228 482 0
73 528 434 550 499 0
73 154 532 185 607 0
74 578 276 591 305 0
74 932 322 949 363 0
74 991 323 1010 369 0
74 1010 328 1028 375 0
74 907 345 923 390 0
74 914 344 931 387 0
74 207 419 228 483 0
74 527 435 549 499 0
74 144 530 175 609 0
75 578 276 590 305 0
75 929 323 946 364 0
75 995 325 1014 371 0
75 1009 329 1028 377 0
75 908 345 925 389 0
75 209 421 229 485 0
75 524 433 547 497 0
75 140 532 171 611 0
76 578 277 589 305 0
76 926 324 943 367 0
76 997 326 1016 374 0
76 1012 327 1029 377 0
76 914 344 931 388 0
76 210 423 231 488 0
76 522 432 545 495 0
76 135 533 169 613 0
77 577 277 589 306 0
77 707 298 721 339 0
77 717 302 732 343 0
77 921 327 940 372 0
77 972 322 991 370 0
77 997 327 1016 375 0
77 917 341 934 388 0
77 211 423 232 489 0
77 521 430 544 494 0
77 131 535 166 611 0
78 576 276 588 306 0
78 667 289 685 333 0
78 710 302 725 342 0
78 970 325 990 371 0
78 996 328 1014 376 0
78 920 340 939 387 0
78 213 423 234 490 0
78 520 429 543 493 0
79 575 276 586 306 0
79 664 289 682 333 0
79 710 304 725 344 0
79 718 302 733 341 0
79 906 324 922 369 0
79 915 328 933 374 0
79 967 326 988 373 0
79 994 329 1013 376 0
79 925 339 944 387 0
79 214 423 236 490 0
79 520 428 542 493 0
80 573 276 585 307 0
80 662 288 678 334 0
80 708 304 723 344 0
80 864 313 878 358 0
80 914 326 931 372 0
80 963 327 984 374 0
80 992 331 1011 378 0
80 932 339 949 386 0
80 215 423 238 491 0
80 518 428 541 493 0
81 571 276 584 307 0
81 659 288 675 334 0
81 706 305 721 344 0
81 860 312 877 358 0
81 909 325 924 369 0
81 921 327 936 372 0
81 962 326 982 373 0
81 990 332 1009 379 0
81 938 339 954 385 0
81 517 423 541 489 0
81 216 425 239 496 0
82 570 277 582 307 0
82 657 287 672 333 0
82 704 305 720 344 0
82 854 311 874 359 0
82 907 326 923 370 0
82 928 330 944 373 0
82 961 326 980 371 0
82 987 333 1006 381 0
82 1039 320 1054 369 0
82 1056 319 1071 368 0
82 941 341 957 387 0
82 951 340 968 386 0
82 516 423 541 488 0
82 220 426 243 496 0
83 568 277 581 307 0
83 655 286 670 332 0
83 702 306 718 344 0
83 852 312 870 361 0
83 904 327 921 370 0
83 959 329 978 372 0
83 984 334 1003 381 0
83 1039 320 1055 368 0
83 1058 319 1075 369 0
83 940 345 957 389 0
83 949 342 967 386 0
83 516 422 541 487 0
83 221 426 245 496 0
84 568 278 580 307 0
84 653 287 668 333 0
84 700 306 716 345 0
84 901 325 916 369 0
84 957 330 976 373 0
84 980 334 1001 381 0
84 1037 320 1055 366 0
84 1061 320 1079 368 0
84 948 342 968 386 0
84 515 423 541 487 0
84 223 426 245 497 0
85 567 278 579 308 0
85 651 290 667 335 0
85 697 305 713 345 0
85 841 317 856 363 0
85 850 315 865 365 0
85 899 323 913 368 0
85 958 332 978 377 0
85 977 334 998 382 0
85 1035 321 1054 366 0
85 1061 321 1078 368 0
85 951 341 973 386 0
85 515 423 540 487 0
85 225 426 246 499 0
86 565 278 578 308 0
86 651 291 666 335 0
86 695 306 710 345 0
86 841 317 858 364 0
86 896 323 910 367 0
86 976 333 998 381 0
86 1033 321 1051 366 0
86 1058 321 1075 368 0
86 956 339 979 386 0
86 515 422 539 486 0
86 226 428 247 501 0
87 564 279 577 311 0
87 646 290 662 334 0
87 693 306 708 345 0
87 840 316 859 366 0
87 849 318 865 366 0
87 892 324 907 368 0
87 941 328 957 374 0
87 979 330 999 377 0
87 1031 321 1048 368 0
87 1056 319 1073 369 0
87 960 338 984 386 0
87 516 419 539 484 0
87 227 430 248 503 0
88 562 279 576 311 0
88 644 291 661 335 0
88 690 308 706 347 0
88 837 317 855 366 0
88 888 325 904 368 0
88 940 330 956 376 0
88 1029 320 1046 368 0
88 964 337 987 385 0
88 517 417 539 482 0
88 228 431 249 504 0
89 561 280 575 312 0
89 642 294 658 337 0
89 688 308 703 347 0
89 834 316 852 367 0
89 887 322 901 367 0
89 938 333 956 377 0
89 1026 320 1044 369 0
89 967 338 988 385 0
89 980 343 1000 389 0
89 517 415 539 483 0
89 228 431 251 504 0
90 560 280 573 312 0
90 640 297 654 339 0
90 685 305 701 345 0
90 830 317 849 367 0
90 888 320 901 365 0
90 937 334 955 377 0
90 1023 320 1042 369 0
90 1050 317 1068 369 0
90 965 339 985 384 0
90 978 341 998 387 0
90 518 415 540 483 0
90 229 432 253 504 0
91 558 281 571 312 0
91 637 298 651 339 0
91 671 300 687 339 0
91 683 305 699 345 0
91 827 317 848 367 0
91 936 334 953 377 0
91 1023 321 1041 368 0
91 1046 319 1064 369 0
91 961 339 980 384 0
91 979 339 998 386 0
91 519 415 541 482 0
91 231 433 255 505 0
92 556 281 569 313 0
92 634 299 648 338 0
92 683 305 699 343 0
92 824 319 845 367 0
92 934 334 950 378 0
92 1025 320 1042 367 0
92 1043 320 1060 369 0
92 955 338 973 383 0
92 983 339 1000 385 0
92 520 414 542 480 0
92 233 435 258 505 0
93 555 281 568 313 0
93 631 299 646 338 0
93 685 304 700 342 0
93 678 310 693 345 0
93 823 320 841 367 0
93 931 334 946 378 0
93 950 335 969 381 0
93 1027 320 1044 367 0
93 1044 320 1060 371 0
93 986 339 1005 385 0
93 521 413 542 478 0
93 236 437 260 507 0
94 553 282 566 314 0
94 628 299 643 339 0
94 676 310 691 346 0
94 821 320 836 367 0
94 868 331 880 370 0
94 948 335 967 382 0
94 1028 319 1045 368 0
94 990 340 1010 385 0
94 522 413 542 477 0
94 237 437 261 508 0
95 550 282 562 315 0
95 625 299 640 341 0
95 674 309 689 346 0
95 818 321 834 367 0
95 867 333 881 374 0
95 933 333 948 377 0
95 1027 320 1044 369 0
95 925 342 943 385 0
95 946 338 964 384 0
95 995 340 1016 386 0
95 523 412 542 477 0
95 239 438 263 510 0
96 550 281 561 317 0
96 554 285 567 319 0
96 623 299 638 341 0
96 673 308 686 347 0
96 814 321 832 367 0
96 864 334 879 375 0
96 1027 321 1044 370 0
96 929 341 947 385 0
96 944 338 963 384 0
96 1000 339 1021 387 0
96 523 411 541 476 0
96 240 439 265 511 0
97 547 280 560 318 0
97 622 299 637 341 0
97 670 308 684 347 0
97 810 323 827 368 0
97 861 334 877 376 0
97 1004 329 1025 382 0
97 1022 322 1041 372 0
97 931 340 949 384 0
97 947 340 965 385 0
97 523 409 542 474 0
97 242 440 267 511 0
98 629 269 641 304 0
98 545 282 558 319 0
98 613 298 628 336 0
98 620 299 636 339 0
98 667 308 682 347 0
98 809 323 826 367 0
98 857 333 875 376 0
98 1003 327 1023 379 0
98 1021 324 1039 374 0
98 909 343 923 386 0
98 934 338 951 383 0
98 523 407 542 473 0
98 244 442 269 511 0
99 542 283 557 318 0
99 613 300 628 339 0
99 619 297 634 338 0
99 664 308 680 347 0
99 805 322 823 367 0
99 854 332 872 376 0
99 1000 324 1020 376 0
99 1019 325 1037 377 0
99 909 340 924 384 0
99 928 339 946 383 0
99 524 407 543 472 0
99 246 442 272 512 0
100 540 284 555 319 0
100 613 300 627 342 0
100 620 295 635 334 0
100 660 302 677 346 0
100 801 322 820 367 0
100 851 332 869 377 0
100 924 335 944 379 0
100 998 323 1017 373 0
100 1021 325 1039 378 0
100 907 340 924 383 0
100 526 407 544 472 0
100 247 442 273 513 0
101 538 284 551 320 0
101 610 300 625 343 0
101 659 301 674 347 0
101 798 321 817 368 0
101 848 332 866 378 0
101 921 334 942 378 0
101 995 325 1014 374 0
101 1021 326 1039 380 0
101 905 341 923 383 0
101 528 408 546 471 0
101 251 442 278 514 0
102 607 301 622 343 0
102 658 307 672 349 0
102 796 320 813 369 0
102 846 333 864 380 0
102 919 334 939 379 0
102 993 326 1012 375 0
102 1020 327 1038 379 0
102 902 341 921 383 0
102 1029 338 1047 386 0
102 530 407 547 470 0
102 252 444 279 516 0
103 533 283 544 319 0
103 604 303 620 344 0
103 655 309 670 349 0
103 794 321 810 370 0
103 842 333 859 380 0
103 916 333 936 380 0
103 992 327 1009 374 0
103 1018 327 1034 378 0
103 899 340 918 383 0
103 1034 340 1050 386 0
103 532 406 549 469 0
103 254 446 281 518 0
104 530 283 542 319 0
104 602 303 618 343 0
104 644 313 659 349 0
104 652 310 667 348 0
104 790 323 806 370 0
104 840 332 857 380 0
104 854 330 870 377 0
104 914 333 934 379 0
104 993 326 1009 373 0
104 1014 327 1029 375 0
104 896 340 914 384 0
104 1038 342 1052 386 0
104 1046 341 1061 386 0
104 532 405 550 469 0
104 257 447 283 519 0
105 527 283 541 319 0
105 600 304 616 344 0
105 651 311 666 350 0
105 786 325 804 371 0
105 837 332 855 380 0
105 911 333 933 380 0
105 993 327 1010 372 0
105 1013 326 1028 375 0
105 893 340 910 385 0
105 1048 341 1065 385 0
105 533 406 550 466 0
105 259 447 285 520 0
106 525 283 540 319 0
106 598 304 613 344 0
106 646 311 660 347 0
106 652 312 667 352 0
106 782 324 802 371 0
106 834 333 853 380 0
106 910 332 932 381 0
106 992 327 1010 373 0
106 1014 325 1031 374 0
106 892 339 909 386 0
106 1049 342 1070 384 0
106 535 405 550 463 0
106 262 448 287 523 0
107 524 283 538 319 0
107 595 305 611 344 0
107 643 312 658 347 0
107 781 323 799 371 0
107 830 334 849 381 0
107 897 337 914 387 0
107 910 334 931 387 0
107 1053 343 1076 383 0
107 536 404 551 461 0
107 263 449 287 525 0
108 521 284 537 319 0
108 591 306 609 344 0
108 641 313 656 348 0
108 777 321 793 371 0
108 825 335 846 381 0
108 973 328 991 374 0
108 903 336 920 388 0
108 911 335 929 387 0
108 1056 343 1077 384 0
108 537 403 551 461 0
108 265 451 289 527 0
109 518 285 536 319 0
109 588 305 606 344 0
109 638 313 654 348 0
109 774 323 792 370 0
109 786 325 803 369 0
109 821 335 841 381 0
109 974 329 991 375 0
109 991 330 1008 375 0
109 907 335 924 388 0
109 1060 342 1080 384 0
109 266 454 290 530 0
110 517 286 536 320 0
110 585 305 604 345 0
110 579 312 596 350 0
110 636 312 651 349 0
110 770 324 790 370 0
110 818 335 838 381 0
110 973 329 990 375 0
110 992 330 1008 375 0
110 1081 326 1100 372 0
110 907 335 923 387 0
110 1063 340 1085 384 0
110 268 451 292 527 0
111 513 286 531 320 0
111 584 308 601 348 0
111 633 312 649 349 0
111 767 324 786 370 0
111 804 333 822 375 0
111 814 335 834 381 0
111 970 330 989 377 0
111 991 330 1008 377 0
111 1070 331 1087 381 0
111 1078 328 1097 378 0
111 905 335 922 388 0
111 269 451 294 528 0
111 59 619 87 683 0
112 512 286 529 321 0
112 587 302 605 342 0
112 579 308 597 348 0
112 631 312 647 350 0
112 765 324 781 371 0
112 807 335 825 379 0
112 816 333 834 379 0
112 969 332 987 379 0
112 988 332 1005 377 0
112 1070 330 1086 379 0
112 1078 330 1097 379 0
112 868 347 881 388 0
112 904 336 920 388 0
112 271 455 297 532 0
112 58 618 89 687 0
113 509 286 526 321 0
113 578 308 597 348 0
113 586 312 604 349 0
113 628 312 645 350 0
113 762 323 777 371 0
113 806 335 824 381 0
113 820 331 835 375 0
113 967 333 985 379 0
113 986 332 1003 378 0
113 867 344 881 386 0
113 273 456 300 533 0
113 59 617 93 687 0
114 506 286 523 322 0
114 575 308 594 348 0
114 626 313 643 351 0
114 759 324 776 372 0
114 802 334 820 382 0
114 966 334 983 378 0
114 983 333 999 378 0
114 864 343 879 386 0
114 276 457 303 534 0
114 64 615 99 686 0
115 503 287 520 322 0
115 572 309 590 349 0
115 623 313 640 352 0
115 756 324 773 372 0
115 798 334 816 382 0
115 901 334 916 379 0
115 966 334 982 377 0
115 979 333 997 378 0
115 861 344 876 387 0
115 278 457 304 534 0
115 69 612 103 682 0
116 501 286 517 322 0
116 569 309 587 349 0
116 621 313 637 353 0
116 753 325 770 373 0
116 794 335 812 382 0
116 898 334 914 381 0
116 964 334 983 377 0
116 978 332 995 378 0
116 858 345 874 388 0
116 279 458 305 535 0
117 499 286 515 322 0
117 566 311 586 349 0
117 609 317 626 353 0
117 618 314 635 353 0
117 750 326 766 373 0
117 790 336 808 381 0
117 896 334 912 381 0
117 964 333 983 378 0
117 978 330 994 377 0
117 855 346 871 390 0
117 281 458 306 536 0
118 497 287 513 322 0
118 564 312 584 350 0
118 616 315 634 353 0
118 751 328 768 374 0
118 786 336 803 380 0
118 895 334 909 380 0
118 963 333 982 378 0
118 853 346 869 391 0
118 954 338 974 384 0
118 550 390 572 445 0
118 283 458 310 539 0
119 495 288 512 322 0
119 562 312 582 350 0
119 611 316 628 352 0
119 742 326 761 372 0
119 760 331 778 376 0
119 783 336 799 380 0
119 893 333 906 379 0
119 961 333 978 378 0
119 850 347 866 392 0
119 954 338 972 384 0
119 551 390 573 444 0
119 285 459 310 542 0
120 492 289 510 322 0
120 561 312 579 350 0
120 609 316 625 352 0
120 740 327 758 372 0
120 770 334 787 379 0
120 783 334 798 378 0
120 891 332 903 378 0
120 959 332 975 379 0
120 848 346 864 392 0
120 553 391 575 443 0
120 287 461 311 543 0
121 490 289 508 323 0
121 558 312 575 350 0
121 606 315 621 351 0
121 738 326 754 373 0
121 774 335 791 381 0
121 889 332 901 378 0
121 940 332 957 378 0
121 957 332 973 380 0
121 842 347 859 393 0
121 855 345 871 393 0
121 555 390 576 443 0
121 289 461 313 543 0
122 487 288 505 323 0
122 555 312 572 350 0
122 604 315 619 351 0
122 736 325 751 374 0
122 770 335 787 381 0
122 889 330 901 377 0
122 941 333 958 380 0
122 955 333 972 381 0
122 839 348 858 394 0
122 862 346 878 394 0
122 556 390 578 442 0
122 290 462 316 544 0
123 486 288 503 323 0
123 553 314 570 352 0
123 600 315 617 350 0
123 733 326 749 373 0
123 766 334 782 381 0
123 941 334 958 380 0
123 953 333 971 381 0
123 836 349 856 395 0
123 869 347 884 396 0
123 557 390 579 441 0
123 292 464 318 546 0
124 484 289 502 323 0
124 551 315 569 352 0
124 597 315 614 350 0
124 730 327 747 373 0
124 762 333 778 381 0
124 941 335 957 380 0
124 952 334 970 381 0
124 833 350 853 396 0
124 867 348 882 397 0
124 559 390 579 440 0
124 294 467 321 548 0
125 481 291 500 323 0
125 547 314 564 352 0
125 594 315 611 351 0
125 727 328 743 375 0
125 759 333 774 382 0
125 940 334 956 380 0
125 830 350 849 397 0
125 864 348 881 398 0
125 949 338 968 384 0
125 560 389 580 439 0
125 296 470 323 548 0
126 478 291 498 323 0
126 546 314 563 353 0
126 592 315 607 352 0
126 725 328 739 376 0
126 755 334 771 382 0
126 938 334 954 380 0
126 827 349 846 398 0
126 862 348 878 398 0
126 947 338 965 384 0
126 561 389 580 439 0
126 299 470 325 549 0
127 476 291 494 324 0
127 544 315 561 353 0
127 590 315 606 352 0
127 721 328 736 377 0
127 752 334 767 382 0
127 935 335 953 379 0
127 945 334 963 381 0
127 825 348 843 399 0
127 859 348 876 399 0
127 562 387 581 437 0
127 301 470 326 550 0
128 474 290 491 324 0
128 541 315 559 355 0
128 587 316 604 353 0
128 723 329 740 376 0
128 750 333 765 381 0
128 934 335 951 379 0
128 944 334 961 381 0
128 822 348 841 399 0
128 858 347 874 401 0
128 564 387 583 437 0
128 303 470 328 553 0
129 471 291 489 325 0
129 537 316 556 356 0
129 577 318 594 354 0
129 584 317 602 354 0
129 711 327 729 373 0
129 729 330 747 377 0
129 750 332 764 379 0
129 944 333 960 381 0
129 819 349 838 400 0
129 858 346 873 400 0
129 930 339 948 383 0
129 566 387 586 439 0
129 305 471 330 556 0
130 469 292 488 325 0
130 535 316 553 356 0
130 584 318 601 356 0
130 711 328 727 374 0
130 737 332 754 379 0
130 819 350 838 400 0
130 858 345 873 397 0
130 930 338 947 384 0
130 307 473 333 558 0
130 144 562 175 644 0
131 467 292 486 326 0
131 532 316 550 357 0
131 578 317 594 355 0
131 586 320 602 358 0
131 709 327 724 376 0
131 739 332 755 381 0
131 809 349 828 399 0
131 826 352 844 401 0
131 861 343 877 393 0
131 930 339 946 384 0
131 309 475 335 559 0
131 147 557 176 641 0
132 465 292 483 326 0
132 530 316 547 357 0
132 575 317 591 354 0
132 706 327 721 376 0
132 736 333 752 382 0
132 809 351 828 399 0
132 833 354 851 403 0
132 863 341 880 389 0
132 929 339 944 384 0
132 310 477 337 559 0
132 151 553 181 637 0
133 463 292 479 327 0
133 528 317 545 358 0
133 572 317 590 354 0
133 702 328 719 376 0
133 732 333 748 382 0
133 806 352 826 399 0
133 836 356 855 405 0
133 863 340 881 386 0
133 906 342 923 387 0
133 927 339 943 384 0
133 311 477 339 560 0
133 156 549 183 635 0
134 460 293 477 327 0
134 526 319 543 359 0
134 570 317 588 355 0
134 699 329 715 375 0
134 728 332 744 380 0
134 927 336 943 380 0
134 803 352 824 399 0
134 834 357 853 406 0
134 860 340 878 387 0
134 909 340 924 385 0
134 316 479 345 560 0
134 158 541 186 627 0
135 457 294 475 327 0
135 525 320 541 360 0
135 567 317 585 355 0
135 696 328 711 375 0
135 726 332 742 380 0
135 926 336 942 381 0
135 801 352 821 401 0
135 831 358 850 407 0
135 857 341 874 388 0
135 908 338 923 385 0
135 317 479 347 564 0
135 162 540 191 628 0
136 455 294 472 328 0
136 523 320 539 361 0
136 565 317 581 355 0
136 693 328 708 376 0
136 723 332 739 380 0
136 909 335 922 381 0
136 798 352 818 403 0
136 828 357 847 408 0
136 855 341 872 390 0
136 924 339 940 382 0
136 319 484 351 567 0
136 166 538 195 629 0
137 453 295 470 329 0
137 521 322 537 361 0
137 562 317 578 354 0
137 691 329 707 376 0
137 719 333 736 380 0
137 907 334 920 381 0
137 795 352 815 403 0
137 826 357 845 409 0
137 853 342 870 391 0
137 922 339 939 383 0
137 322 485 353 567 0
137 170 536 200 627 0
138 451 294 465 329 0
138 519 323 535 361 0
138 560 318 576 354 0
138 693 330 710 377 0
138 717 333 733 379 0
138 792 353 812 404 0
138 822 357 842 409 0
138 851 342 869 393 0
138 903 341 918 386 0
138 919 339 937 384 0
138 325 486 355 567 0
138 173 535 204 625 0
139 450 295 465 328 0
139 516 322 531 360 0
139 557 318 573 354 0
139 678 328 694 372 0
139 699 331 715 377 0
139 716 332 731 377 0
139 788 352 809 404 0
139 820 358 840 410 0
139 849 342 867 394 0
139 900 342 917 386 0
139 915 340 934 385 0
139 327 487 357 569 0
139 176 534 207 622 0
140 447 296 463 328 0
140 514 322 530 361 0
140 529 322 546 359 0
140 554 318 570 354 0
140 678 330 694 377 0
140 705 331 720 377 0
140 786 353 807 404 0
140 819 357 839 408 0
140 847 342 866 395 0
140 897 340 913 385 0
140 912 341 931 386 0
140 329 487 359 572 0
140 178 533 209 620 0
141 444 296 461 328 0
141 511 322 527 362 0
141 540 321 555 357 0
141 552 319 567 355 0
141 675 331 692 378 0
141 705 331 721 378 0
141 785 354 807 404 0
141 822 355 842 405 0
141 846 342 865 395 0
141 898 341 914 386 0
141 911 342 929 387 0
141 331 488 360 574 0
141 182 530 215 615 0
142 442 295 457 328 0
142 508 324 525 363 0
142 546 319 562 355 0
142 672 331 690 380 0
142 703 332 719 379 0
142 775 354 795 403 0
142 790 357 812 406 0
142 829 350 850 400 0
142 846 343 865 394 0
142 900 341 916 387 0
142 911 342 929 387 0
142 333 489 362 575 0
142 185 526 217 613 0
143 440 296 454 329 0
143 506 325 523 365 0
143 545 320 561 355 0
143 669 333 686 380 0
143 699 333 716 379 0
143 775 355 795 404 0
143 796 360 818 408 0
143 834 347 855 398 0
143 904 341 920 388 0
143 913 343 930 388 0
143 335 489 364 575 0
143 176 527 203 609 0
143 189 522 219 610 0
144 437 296 453 328 0
144 504 326 521 367 0
144 542 320 558 355 0
144 665 333 682 380 0
144 696 332 712 379 0
144 774 356 794 406 0
144 800 362 822 411 0
144 836 345 856 397 0
144 904 341 921 387 0
144 337 490 367 577 0
144 193 519 222 607 0
145 435 297 451 328 0
145 503 326 519 368 0
145 538 320 554 356 0
145 662 334 678 380 0
145 693 332 709 378 0
145 772 357 791 408 0
145 800 364 821 412 0
145 834 346 854 398 0
145 903 340 919 386 0
145 339 493 371 581 0
145 195 516 225 604 0
146 433 297 449 328 0
146 501 326 517 368 0
146 535 321 551 356 0
146 657 334 674 380 0
146 691 332 707 379 0
146 770 357 789 408 0
146 798 364 818 413 0
146 833 346 851 400 0
146 901 340 917 387 0
146 341 496 374 583 0
146 198 514 228 603 0
147 430 297 446 328 0
147 499 328 515 368 0
147 533 321 549 357 0
147 654 334 672 380 0
147 688 333 704 379 0
147 767 358 787 408 0
147 796 364 816 414 0
147 832 346 850 401 0
147 899 341 914 389 0
147 343 498 375 586 0
147 202 514 233 603 0
148 428 296 443 328 0
148 497 329 513 369 0
148 531 322 547 357 0
148 657 334 675 380 0
148 685 333 700 379 0
148 764 358 784 409 0
148 794 364 813 415 0
148 831 346 848 402 0
148 895 341 911 388 0
148 160 516 187 583 0
148 205 510 236 595 0
148 346 496 380 586 0
149 425 297 440 328 0
149 494 331 510 370 0
149 528 322 545 357 0
149 647 333 662 377 0
149 665 334 681 379 0
149 684 333 699 377 0
149 760 358 781 410 0
149 790 363 811 417 0
149 830 346 846 402 0
149 869 343 884 389 0
149 891 342 907 387 0
149 155 515 184 587 0
149 208 509 240 592 0
149 349 495 383 588 0
150 422 297 438 329 0
150 492 332 508 371 0
150 526 323 541 358 0
150 645 335 661 379 0
150 672 334 688 379 0
150 756 359 778 411 0
150 787 364 808 417 0
150 828 347 845 401 0
150 868 343 883 388 0
150 889 343 904 386 0
150 153 513 184 590 0
150 211 510 242 590 0
150 352 495 385 591 0
151 421 298 437 328 0
151 491 331 506 371 0
151 523 322 538 358 0
151 642 335 659 380 0
151 672 334 689 381 0
151 753 359 775 412 0
151 784 364 806 417 0
151 826 347 843 400 0
151 865 344 881 389 0
151 155 510 186 589 0
151 217 512 250 589 0
151 355 497 388 596 0
152 415 298 431 330 0
152 422 297 437 327 0
152 492 330 507 370 0
152 520 323 536 359 0
152 639 336 656 380 0
152 669 335 687 381 0
152 749 359 771 413 0
152 822 349 842 400 0
152 861 344 878 389 0
152 765 368 787 422 0
152 780 367 801 420 0
152 158 509 188 589 0
152 219 511 252 587 0
152 358 500 391 599 0
153 413 298 427 331 0
153 482 328 498 370 0
153 500 328 516 367 0
153 518 324 535 359 0
153 636 336 653 381 0
153 665 335 683 381 0
153 604 363 624 409 0
153 748 360 769 416 0
153 819 350 841 401 0
153 858 344 875 390 0
153 779 368 799 421 0
153 162 508 192 586 0
153 222 507 253 584 0
153 361 502 393 599 0
154 410 298 424 332 0
154 482 330 498 372 0
154 507 327 523 363 0
154 518 324 535 358 0
154 633 335 649 381 0
154 661 335 679 380 0
154 604 363 625 409 0
154 744 361 762 416 0
154 752 361 773 417 0
154 816 350 839 402 0
154 857 344 875 392 0
154 772 369 793 424 0
154 166 505 196 583 0
154 224 504 254 581 0
154 363 504 396 600 0
155 407 299 423 332 0
155 481 331 497 373 0
155 511 325 528 360 0
155 520 324 535 358 0
155 658 335 674 380 0
155 605 363 625 408 0
155 628 338 645 383 0
155 743 362 762 418 0
155 758 362 780 419 0
155 813 350 836 404 0
155 858 345 875 394 0
155 768 368 791 423 0
155 170 502 198 581 0
155 227 499 255 578 0
155 365 505 399 602 0
156 575 273 588 299 0
156 405 300 421 333 0
156 480 331 495 375 0
156 510 323 525 360 0
156 655 334 671 380 0
156 607 363 627 408 0
156 624 339 640 384 0
156 741 362 760 418 0
156 812 350 833 404 0
156 858 345 875 395 0
156 765 367 788 422 0
156 174 500 200 580 0
156 229 495 257 575 0
156 368 505 403 605 0
157 573 273 587 298 0
157 403 300 419 333 0
157 477 332 493 375 0
157 507 324 523 360 0
157 630 335 646 382 0
157 653 334 669 380 0
157 609 358 630 406 0
157 620 339 637 387 0
157 738 362 758 419 0
157 813 349 833 403 0
157 857 345 873 395 0
157 763 369 785 423 0
157 177 500 203 579 0
157 231 493 258 574 0
157 373 512 406 607 0
158 572 272 586 297 0
158 400 300 415 334 0
158 474 333 491 375 0
158 504 325 520 361 0
158 636 335 652 380 0
158 651 334 667 379 0
158 611 355 631 406 0
158 620 340 637 389 0
158 736 362 755 420 0
158 807 350 828 405 0
158 823 348 842 401 0
158 857 346 873 397 0
158 759 370 781 424 0
158 179 500 206 577 0
158 233 492 261 573 0
158 376 512 407 608 0
159 571 272 585 297 0
159 398 300 411 334 0
159 471 333 489 376 0
159 501 325 518 361 0
159 642 333 657 380 0
159 650 332 666 377 0
159 612 351 631 405 0
159 625 339 641 391 0
159 805 351 825 407 0
159 833 346 852 399 0
159 858 346 875 397 0
159 737 365 756 422 0
159 755 370 777 426 0
159 185 497 214 574 0
159 235 491 264 572 0
159 381 516 411 609 0
160 571 271 584 297 0
160 396 300 409 334 0
160 469 333 487 376 0
160 498 324 514 361 0
160 642 332 658 379 0
160 612 351 630 404 0
160 802 351 823 407 0
160 841 346 859 398 0
160 859 347 876 397 0
160 732 366 752 422 0
160 752 371 774 427 0
160 187 496 216 572 0
160 237 491 267 570 0
160 383 515 413 611 0
161 570 271 583 297 0
161 394 300 407 332 0
161 468 332 485 376 0
161 495 324 511 361 0
161 639 333 656 380 0
161 610 348 630 400 0
161 623 343 641 393 0
161 800 351 820 406 0
161 839 347 857 398 0
161 859 347 875 395 0
161 728 367 749 422 0
161 749 372 771 428 0
161 189 494 218 569 0
161 239 490 269 568 0
161 387 515 416 614 0
162 569 271 582 297 0
162 465 333 482 376 0
162 493 325 509 361 0
162 635 334 654 379 0
162 607 346 628 394 0
162 617 348 637 396 0
162 797 351 819 407 0
162 837 348 855 398 0
162 857 347 873 395 0
162 727 367 747 423 0
162 747 372 769 429 0
162 192 492 220 568 0
162 241 489 270 568 0
162 391 516 419 617 0
163 568 271 582 297 0
163 462 334 479 377 0
163 490 326 507 362 0
163 630 334 650 381 0
163 604 343 624 390 0
163 617 350 637 398 0
163 795 351 818 408 0
163 835 349 853 399 0
163 855 348 871 396 0
163 727 368 746 426 0
163 746 371 768 429 0
163 195 491 223 567 0
163 244 488 272 566 0
163 394 518 422 620 0
164 567 271 580 297 0
164 463 334 480 376 0
164 487 326 505 362 0
164 625 333 645 382 0
164 599 341 618 388 0
164 618 348 638 398 0
164 792 352 816 409 0
164 832 349 851 401 0
164 852 349 868 398 0
164 726 369 746 428 0
164 747 370 770 429 0
164 199 489 226 564 0
164 246 487 273 564 0
164 397 522 426 619 0
165 566 271 579 296 0
165 466 332 483 373 0
165 486 325 502 361 0
165 458 340 476 382 0
165 594 340 612 387 0
165 618 345 639 399 0
165 789 352 814 410 0
165 830 349 849 401 0
165 850 350 866 400 0
165 724 370 744 429 0
165 204 485 229 558 0
165 246 482 273 560 0
165 398 523 429 621 0
166 565 270 578 296 0
166 486 322 501 360 0
166 456 339 473 383 0
166 591 341 608 388 0
166 618 343 639 399 0
166 786 353 810 411 0
166 830 349 848 401 0
166 848 349 863 400 0
166 712 369 729 425 0
166 723 372 744 430 0
166 207 485 231 557 0
166 251 479 278 555 0
166 400 525 432 626 0
167 564 270 577 295 0
167 470 329 485 370 0
167 454 339 471 383 0
167 580 344 595 388 0
167 588 341 604 387 0
167 620 344 640 398 0
167 783 354 806 412 0
167 831 348 848 400 0
167 847 347 862 398 0
167 710 370 729 425 0
167 724 375 746 433 0
167 210 484 233 557 0
167 252 477 279 554 0
167 403 527 436 631 0
168 563 269 577 295 0
168 470 328 486 368 0
168 604 335 619 378 0
168 453 340 469 383 0
168 581 342 596 387 0
168 591 340 607 386 0
168 622 345 641 397 0
168 780 355 803 413 0
168 831 348 848 400 0
168 848 346 862 398 0
168 707 373 728 427 0
168 724 377 748 435 0
168 212 482 236 557 0
168 254 477 281 554 0
168 406 531 439 636 0
169 562 269 576 294 0
169 470 328 486 365 0
169 606 335 621 378 0
169 452 342 469 382 0
169 581 342 595 385 0
169 595 340 611 385 0
169 624 347 642 398 0
169 779 357 801 413 0
169 830 349 847 401 0
169 705 375 726 428 0
169 721 378 745 436 0
169 214 480 238 556 0
169 227 478 253 551 0
169 256 478 283 554 0
169 412 534 446 635 0
170 562 268 575 294 0
170 469 326 484 365 0
170 603 334 619 378 0
170 449 342 465 384 0
170 578 343 593 386 0
170 626 348 643 399 0
170 779 357 801 412 0
170 828 350 847 402 0
170 703 375 724 429 0
170 717 378 741 436 0
170 215 477 240 554 0
170 258 478 284 553 0
170 415 533 448 637 0
171 560 268 574 293 0
171 467 327 481 365 0
171 601 334 618 378 0
171 447 341 463 384 0
171 575 343 591 386 0
171 627 349 644 398 0
171 774 357 796 413 0
171 789 356 810 409 0
171 826 351 845 404 0
171 701 375 722 430 0
171 714 380 738 436 0
171 220 476 246 551 0
171 261 476 286 551 0
171 418 532 452 639 0
172 560 268 574 293 0
172 464 326 479 365 0
172 597 334 617 380 0
172 445 342 460 385 0
172 570 342 587 386 0
172 628 348 645 396 0
172 771 359 794 413 0
172 799 354 820 407 0
172 827 351 846 404 0
172 700 376 723 434 0
172 712 380 735 438 0
172 222 474 247 549 0
172 263 475 288 548 0
172 422 533 454 640 0
173 559 269 574 293 0
173 462 327 477 365 0
173 594 335 614 381 0
173 442 344 458 386 0
173 566 342 582 387 0
173 629 347 647 395 0
173 767 360 792 414 0
173 807 352 828 405 0
173 827 352 846 405 0
173 700 378 725 437 0
173 711 380 736 439 0
173 225 474 250 547 0
173 265 475 290 546 0
173 425 540 458 645 0
174 559 269 573 293 0
174 459 327 475 365 0
174 590 335 609 382 0
174 441 345 457 387 0
174 561 342 578 387 0
174 631 347 648 395 0
174 764 361 791 415 0
174 805 352 825 407 0
174 828 352 846 405 0
174 699 379 725 439 0
174 714 378 738 437 0
174 228 474 254 545 0
174 267 474 292 544 0
174 428 542 460 648 0
175 559 269 573 293 0
175 457 327 472 366 0
175 588 335 606 382 0
175 441 343 457 387 0
175 558 342 575 386 0
175 633 346 649 394 0
175 761 361 788 416 0
175 802 354 821 408 0
175 826 353 844 407 0
175 696 379 721 440 0
175 231 472 257 543 0
175 270 472 295 542 0
175 431 543 463 649 0
176 558 269 573 293 0
176 448 334 461 375 0
176 457 325 471 364 0
176 586 335 603 382 0
176 441 342 456 386 0
176 556 342 572 386 0
176 635 345 651 393 0
176 759 360 784 417 0
176 799 355 819 409 0
176 824 354 843 408 0
176 692 380 717 440 0
176 234 471 259 541 0
176 272 471 297 540 0
176 434 545 468 650 0
177 558 268 572 293 0
177 447 332 460 374 0
177 574 336 589 378 0
177 587 335 604 380 0
177 439 341 454 386 0
177 548 344 562 389 0
177 561 341 577 385 0
177 637 343 653 391 0
177 756 360 780 417 0
177 796 356 816 409 0
177 821 355 841 408 0
177 688 381 714 442 0
177 236 469 260 539 0
177 275 471 298 538 0
177 437 545 472 652 0
178 557 268 571 293 0
178 348 312 361 346 0
178 445 332 458 373 0
178 576 337 591 378 0
178 591 334 606 375 0
178 437 341 452 386 0
178 548 343 562 387 0
178 568 340 583 384 0
178 638 341 655 390 0
178 753 360 776 418 0
178 793 355 813 408 0
178 819 355 838 407 0
178 685 383 712 444 0
178 239 469 262 538 0
178 276 470 300 537 0
178 444 553 482 656 0
179 557 268 571 292 0
179 346 313 358 347 0
179 442 333 456 374 0
179 573 337 589 379 0
179 435 340 450 386 0
179 546 343 561 386 0
179 639 341 658 389 0
179 750 361 773 418 0
179 790 355 811 408 0
179 816 354 835 407 0
179 681 384 709 445 0
179 241 468 264 538 0
179 278 469 302 537 0
179 446 555 485 657 0
180 557 267 570 291 0
180 344 313 357 347 0
180 439 333 453 373 0
180 433 342 448 389 0
180 543 344 558 387 0
180 572 339 588 382 0
180 641 342 660 388 0
180 748 361 770 419 0
180 790 355 812 408 0
180 814 355 833 409 0
180 679 384 706 444 0
180 243 468 267 535 0
180 279 465 304 535 0
180 451 556 488 657 0
181 557 267 570 291 0
181 568 339 584 381 0
181 643 341 661 388 0
181 792 356 815 409 0
181 812 356 831 410 0
181 673 384 699 442 0
181 747 364 768 423 0
181 245 467 270 533 0
181 284 462 310 533 0
181 457 557 491 658 0
182 557 267 570 291 0
182 563 340 580 381 0
182 645 340 662 388 0
182 754 360 775 418 0
182 794 357 816 410 0
182 812 357 831 410 0
182 672 386 697 446 0
182 742 366 762 425 0
182 247 466 272 531 0
182 265 463 291 532 0
182 285 461 311 531 0
182 463 557 494 661 0
183 557 267 570 291 0
183 530 346 545 390 0
183 559 340 576 382 0
183 647 339 662 387 0
183 764 358 784 416 0
183 794 356 814 410 0
183 813 357 832 407 0
183 671 388 696 448 0
183 741 365 761 424 0
183 755 365 775 425 0
183 248 465 273 531 0
183 288 461 313 530 0
183 468 557 498 665 0
184 557 267 570 291 0
184 526 347 540 390 0
184 556 339 572 382 0
184 650 341 664 386 0
184 772 357 792 415 0
184 795 357 814 411 0
184 668 389 693 449 0
184 738 365 759 424 0
184 253 461 278 530 0
184 290 461 315 529 0
184 472 558 502 668 0
184 485 592 514 669 0
185 557 267 569 291 0
185 328 313 340 349 0
185 523 348 538 390 0
185 554 339 569 381 0
185 651 342 665 385 0
185 774 357 794 415 0
185 796 357 814 413 0
185 666 390 689 449 0
185 735 365 756 424 0
185 254 458 279 529 0
185 293 459 318 528 0
185 480 566 512 664 0
186 556 267 569 291 0
186 325 313 338 347 0
186 545 337 559 377 0
186 516 349 530 393 0
186 528 346 543 388 0
186 553 341 567 382 0
186 652 343 666 384 0
186 772 358 793 416 0
186 796 358 814 414 0
186 662 391 684 449 0
186 732 366 753 425 0
186 255 453 281 525 0
186 293 451 319 523 0
186 481 564 515 669 0
187 555 267 568 291 0
187 323 313 337 347 0
187 543 338 558 377 0
187 559 332 571 369 0
187 515 349 531 393 0
187 535 344 549 385 0
187 555 345 569 383 0
187 653 342 666 382 0
187 770 359 790 416 0
187 793 358 811 413 0
187 660 392 680 451 0
187 729 365 749 427 0
187 257 453 282 524 0
187 294 449 322 521 0
187 486 565 520 670 0
188 554 267 567 291 0
188 320 313 332 346 0
188 512 351 529 393 0
188 539 342 554 383 0
188 653 341 666 382 0
188 767 358 786 415 0
188 790 359 808 414 0
188 656 393 677 451 0
188 725 366 745 430 0
188 259 453 283 523 0
188 296 448 324 518 0
188 490 565 526 672 0
189 554 267 566 292 0
189 317 314 330 347 0
189 326 315 338 350 0
189 509 352 525 394 0
189 537 342 551 383 0
189 653 339 667 382 0
189 763 358 782 415 0
189 787 359 805 415 0
189 652 393 673 451 0
189 720 367 741 431 0
189 261 453 285 522 0
189 299 448 326 518 0
189 495 572 535 680 0
190 553 266 565 292 0
190 314 314 328 348 0
190 654 336 668 381 0
190 505 351 521 395 0
190 533 342 548 384 0
190 760 359 779 416 0
190 784 361 802 417 0
190 650 391 669 448 0
190 717 368 738 431 0
190 264 451 289 521 0
190 302 449 328 518 0
190 499 573 541 682 0
191 553 266 565 292 0
191 312 315 326 348 0
191 654 336 669 381 0
191 501 351 516 395 0
191 530 343 545 385 0
191 759 359 780 417 0
191 781 361 799 418 0
191 643 392 664 450 0
191 715 369 736 431 0
191 267 449 292 519 0
191 304 448 331 516 0
191 508 581 547 681 0
192 553 266 565 292 0
192 309 315 324 348 0
192 655 335 671 380 0
192 497 352 512 396 0
192 527 344 542 385 0
192 760 359 781 417 0
192 779 361 798 418 0
192 641 392 661 452 0
192 713 371 735 431 0
192 270 447 295 517 0
192 307 447 334 515 0
192 511 577 551 685 0
193 553 266 565 292 0
193 306 316 320 350 0
193 656 334 672 381 0
193 493 353 509 396 0
193 524 344 538 386 0
193 759 359 780 418 0
193 780 361 798 416 0
193 637 392 659 454 0
193 709 372 730 432 0
193 272 447 296 515 0
193 310 447 337 513 0
193 514 576 560 692 0
194 552 266 565 292 0
194 302 316 316 351 0
194 657 334 673 380 0
194 496 351 511 394 0
194 521 343 535 386 0
194 756 360 776 418 0
194 633 393 657 454 0
194 706 373 729 432 0
194 725 368 745 429 0
194 765 364 785 425 0
194 274 447 298 514 0
194 313 448 338 513 0
194 520 577 568 696 0
195 553 266 564 292 0
195 299 316 313 353 0
195 657 334 674 380 0
195 483 352 497 397 0
195 502 348 517 391 0
195 521 343 534 386 0
195 742 359 761 420 0
195 755 361 775 420 0
195 702 373 727 433 0
195 735 365 754 427 0
195 763 364 783 425 0
195 627 396 654 457 0
195 276 447 301 513 0
195 314 445 338 511 0
195 526 581 575 701 0
196 553 266 564 291 0
196 657 333 674 379 0
196 482 353 497 398 0
196 509 346 523 387 0
196 521 345 536 386 0
196 742 361 761 419 0
196 698 374 724 434 0
196 761 364 782 424 0
196 624 397 651 456 0
196 279 444 304 512 0
196 304 442 328 509 0
196 318 441 342 505 0
196 530 584 578 701 0
197 553 267 564 291 0
197 657 332 674 377 0
197 479 354 495 398 0
197 511 345 526 386 0
197 696 374 720 435 0
197 740 364 758 426 0
197 760 365 780 425 0
197 620 398 648 457 0
197 282 441 305 510 0
197 294 440 319 508 0
197 320 437 343 502 0
197 541 585 588 700 0
198 551 264 562 289 0
198 658 330 675 376 0
198 475 355 492 399 0
198 508 346 523 387 0
198 693 375 716 435 0
198 738 365 756 425 0
198 757 366 776 425 0
198 619 399 644 456 0
198 285 440 310 508 0
198 323 436 346 500 0
198 547 584 587 696 0
199 550 264 562 290 0
199 659 329 676 376 0
199 472 354 489 399 0
199 505 346 519 388 0
199 691 375 713 435 0
199 735 366 753 424 0
199 754 368 773 426 0
199 617 398 641 458 0
199 286 440 310 507 0
199 325 435 348 499 0
199 551 589 599 704 0
200 550 264 562 289 0
200 661 330 677 375 0
200 468 354 485 399 0
200 500 345 514 388 0
200 687 375 710 435 0
200 732 366 750 424 0
200 752 368 771 427 0
200 615 399 638 458 0
200 288 441 311 507 0
200 327 435 350 500 0
200 557 593 606 706 0
201 551 264 562 289 0
201 663 330 678 375 0
201 465 356 483 398 0
201 495 345 510 389 0
201 685 376 706 435 0
201 730 368 749 424 0
201 750 369 768 428 0
201 611 401 631 464 0
201 291 442 314 505 0
201 329 435 353 499 0
201 561 594 611 704 0
202 550 264 562 289 0
202 664 330 679 375 0
202 461 357 479 399 0
202 491 345 507 388 0
202 683 377 703 435 0
202 731 369 750 424 0
202 748 370 766 429 0
202 610 402 630 464 0
202 294 441 317 504 0
202 332 434 356 498 0
202 572 596 619 706 0
203 550 264 562 289 0
203 665 329 680 374 0
203 463 355 480 398 0
203 488 345 503 388 0
203 682 378 700 437 0
203 733 371 751 426 0
203 747 371 765 430 0
203 298 440 321 503 0
203 335 433 358 498 0
203 581 595 619 708 0
204 550 264 562 289 0
204 666 328 681 372 0
204 448 356 464 399 0
204 467 350 483 395 0
204 487 343 502 388 0
204 679 377 696 437 0
204 688 376 706 436 0
204 733 371 751 427 0
204 301 439 325 502 0
204 337 432 360 497 0
204 589 595 624 711 0
205 550 264 562 290 0
205 667 327 682 371 0
205 449 357 464 400 0
205 473 346 488 391 0
205 488 344 503 389 0
205 676 378 694 438 0
205 698 374 715 432 0
205 732 371 750 429 0
205 302 438 328 501 0
205 338 432 362 497 0
205 597 598 635 719 0
206 549 263 561 290 0
206 668 327 683 370 0
206 447 358 463 399 0
206 475 346 490 389 0
206 671 379 692 438 0
206 707 372 725 429 0
206 730 371 749 430 0
206 305 436 329 499 0
206 341 430 364 495 0
206 601 604 638 719 0
207 549 263 561 290 0
207 669 326 684 368 0
207 444 357 461 397 0
207 474 346 490 389 0
207 668 380 689 439 0
207 709 372 726 429 0
207 729 371 747 431 0
207 308 434 331 496 0
207 344 429 367 493 0
207 610 606 648 719 0
208 549 263 560 289 0
208 670 325 685 367 0
208 441 355 457 397 0
208 471 347 487 389 0
208 666 380 686 441 0
208 705 373 723 431 0
208 727 373 746 433 0
208 346 426 367 487 0
208 311 433 333 494 0
208 617 606 654 719 0
209 548 263 560 289 0
209 358 335 374 372 0
209 672 323 686 367 0
209 467 347 483 389 0
209 663 380 682 442 0
209 702 373 719 431 0
209 725 374 743 434 0
209 348 426 368 486 0
209 314 432 335 492 0
209 622 609 662 719 0
210 548 262 559 289 0
210 356 336 371 372 0
210 672 322 687 367 0
210 357 362 374 406 0
210 463 347 479 390 0
210 660 380 678 442 0
210 698 372 716 431 0
210 721 376 741 436 0
210 315 431 337 492 0
210 331 430 353 490 0
210 352 431 373 488 0
210 624 612 673 719 0
211 547 262 559 289 0
211 348 332 361 370 0
211 356 335 370 372 0
211 673 322 687 367 0
211 356 365 372 411 0
211 459 346 475 390 0
211 656 382 676 442 0
211 695 374 713 431 0
211 718 377 738 437 0
211 316 427 335 484 0
211 338 426 357 485 0
211 323 430 344 490 0
211 354 431 375 488 0
211 626 617 679 719 0
212 547 262 559 289 0
212 350 334 364 373 0
212 357 333 371 369 0
212 674 323 688 366 0
212 355 367 370 413 0
212 456 347 472 391 0
212 653 384 674 442 0
212 695 375 713 432 0
212 716 378 735 437 0
212 322 429 344 490 0
212 356 431 377 488 0
212 638 621 686 719 0
213 348 334 362 373 0
213 676 322 689 365 0
213 351 353 365 399 0
213 446 349 462 392 0
213 454 348 470 392 0
213 356 372 369 417 0
213 651 384 671 442 0
213 698 377 717 433 0
213 714 378 733 438 0
213 357 425 377 483 0
213 326 428 346 490 0
213 647 622 692 719 0
214 345 334 360 372 0
214 677 322 691 365 0
214 447 348 463 391 0
214 455 349 470 392 0
214 352 373 366 417 0
214 645 383 663 444 0
214 658 381 677 439 0
214 701 378 720 434 0
214 713 378 732 438 0
214 328 425 348 485 0
214 359 424 380 483 0
214 657 621 701 719 0
215 343 333 357 372 0
215 679 321 692 366 0
215 444 347 459 390 0
215 350 372 366 417 0
215 642 385 663 446 0
215 667 378 685 436 0
215 703 380 722 437 0
215 714 377 733 438 0
215 329 425 349 485 0
215 361 423 382 482 0
216 341 331 354 371 0
216 680 321 693 366 0
216 441 348 456 390 0
216 348 372 364 416 0
216 639 386 661 447 0
216 675 375 693 433 0
216 701 383 722 438 0
216 331 425 351 485 0
216 362 423 383 481 0
217 680 321 693 365 0
217 439 348 452 390 0
217 345 371 360 416 0
217 636 387 658 448 0
217 674 377 692 434 0
217 700 384 722 440 0
217 333 425 354 484 0
217 364 422 386 478 0
218 680 320 694 364 0
218 437 350 449 392 0
218 342 372 357 416 0
218 633 387 654 449 0
218 671 377 689 434 0
218 698 384 718 440 0
218 335 423 356 483 0
218 367 420 388 477 0
219 547 262 559 288 0
219 680 319 694 363 0
219 339 372 353 417 0
219 630 387 649 450 0
219 668 379 685 436 0
219 695 385 713 442 0
219 336 421 358 481 0
219 369 419 391 477 0
220 547 262 559 288 0
220 683 318 697 364 0
220 336 374 350 418 0
220 626 389 644 450 0
220 665 379 681 437 0
220 691 385 710 443 0
220 338 419 360 480 0
220 371 419 392 476 0
221 547 262 559 288 0
221 329 336 339 374 0
221 683 318 698 364 0
221 330 350 342 388 0
221 334 376 350 423 0
221 623 391 640 450 0
221 662 381 678 437 0
221 687 386 706 444 0
221 340 418 363 479 0
221 372 418 394 475 0
222 319 336 331 371 0
222 325 339 336 375 0
222 683 319 697 363 0
222 332 378 349 426 0
222 619 393 637 450 0
222 658 382 677 437 0
222 684 386 703 443 0
222 342 417 366 478 0
222 373 416 395 474 0
223 548 262 560 288 0
223 326 337 337 373 0
223 684 318 698 363 0
223 319 344 333 380 0
223 331 379 348 427 0
223 611 391 628 449 0
223 624 392 642 449 0
223 657 384 678 438 0
223 683 385 700 442 0
223 344 417 368 476 0
223 373 413 396 472 0
224 549 262 561 288 0
224 685 318 698 362 0
224 319 344 332 379 0
224 325 357 338 395 0
224 328 378 345 425 0
224 611 393 628 452 0
224 633 389 650 447 0
224 660 385 680 439 0
224 683 383 699 440 0
224 347 417 370 474 0
224 368 411 391 470 0
225 549 262 562 287 0
225 685 316 699 362 0
225 317 344 330 380 0
225 325 377 342 424 0
225 609 394 627 453 0
225 641 386 659 444 0
225 663 385 682 441 0
225 348 418 370 474 0
225 361 413 383 471 0
225 529 419 552 482 0
226 550 262 562 286 0
226 314 340 327 375 0
226 686 315 700 362 0
226 322 378 339 425 0
226 642 385 661 443 0
226 665 385 683 443 0
226 354 414 376 473 0
226 527 418 550 481 0
226 605 396 624 458 0
227 550 262 562 285 0
227 312 340 325 374 0
227 687 314 702 361 0
227 366 364 379 403 0
227 318 377 333 426 0
227 638 385 658 443 0
227 662 386 681 445 0
227 353 414 374 474 0
227 526 418 549 481 0
227 601 397 621 458 0
228 553 263 564 287 0
228 309 340 324 373 0
228 688 314 703 361 0
228 363 365 377 406 0
228 316 377 331 426 0
228 329 382 344 427 0
228 636 385 656 443 0
228 659 388 679 445 0
228 355 413 375 472 0
228 525 418 546 481 0
228 596 397 616 460 0
229 553 263 564 287 0
229 307 339 321 373 0
229 688 314 704 360 0
229 360 366 375 407 0
229 312 378 329 426 0
229 634 387 652 442 0
229 656 388 676 445 0
229 357 412 376 470 0
229 523 418 543 482 0
229 592 396 611 460 0
230 553 263 564 287 0
230 305 336 318 372 0
230 689 315 705 359 0
230 305 352 320 390 0
230 350 364 363 403 0
230 357 366 372 407 0
230 308 379 326 426 0
230 631 388 649 443 0
230 652 389 673 445 0
230 359 412 377 468 0
230 520 418 542 483 0
230 589 396 607 460 0
231 553 263 564 287 0
231 690 315 706 359 0
231 350 364 364 407 0
231 304 380 323 428 0
231 630 388 648 443 0
231 650 390 669 447 0
231 360 411 377 466 0
231 517 419 541 484 0
232 553 263 564 287 0
232 691 315 707 358 0
232 348 365 364 408 0
232 358 364 372 406 0
232 301 380 320 429 0
232 629 388 648 444 0
232 649 390 666 447 0
232 360 410 378 464 0
232 517 420 541 485 0
233 553 263 565 288 0
233 693 313 709 357 0
233 344 366 361 409 0
233 298 380 317 431 0
233 629 389 648 443 0
233 651 388 666 445 0
233 361 410 380 464 0
233 510 417 530 480 0
233 518 422 541 485 0
233 575 403 592 461 0
234 553 263 565 287 0
234 695 313 710 356 0
234 342 366 357 407 0
234 296 380 315 432 0
234 629 390 648 444 0
234 361 409 383 463 0
234 506 418 527 480 0
234 519 423 542 486 0
234 575 403 592 463 0
235 553 263 565 287 0
235 696 313 711 356 0
235 340 363 354 406 0
235 612 390 629 447 0
235 629 391 648 446 0
235 362 408 386 462 0
235 503 419 524 480 0
235 519 424 542 487 0
235 573 403 591 467 0
236 553 262 565 286 0
236 696 313 712 356 0
236 336 361 351 406 0
236 611 391 629 446 0
236 628 391 647 447 0
236 364 408 388 462 0
236 498 420 520 479 0
236 519 424 542 488 0
236 569 406 589 469 0
237 553 261 565 285 0
237 697 313 713 355 0
237 332 362 350 408 0
237 362 358 377 403 0
237 609 391 628 444 0
237 627 392 646 448 0
237 366 409 390 461 0
237 494 420 515 480 0
237 566 408 586 469 0
237 519 428 540 490 0
238 553 260 565 284 0
238 697 313 715 355 0
238 327 364 346 409 0
238 357 357 373 399 0
238 607 392 627 446 0
238 622 393 642 450 0
238 369 408 393 461 0
238 491 420 512 480 0
238 562 409 582 468 0
238 519 428 540 491 0
239 553 260 565 284 0
239 171 327 186 364 0
239 698 312 716 354 0
239 316 363 332 407 0
239 332 363 350 406 0
239 354 356 371 398 0
239 606 393 625 447 0
239 620 394 639 449 0
239 371 408 395 459 0
239 487 420 509 482 0
239 557 410 578 469 0
239 519 428 541 492 0
239 892 693 960 717 0
240 553 260 565 284 0
240 168 326 182 362 0
240 699 311 717 354 0
240 318 364 334 408 0
240 340 360 356 404 0
240 354 356 370 398 0
240 603 395 623 448 0
240 619 393 637 445 0
240 484 421 507 482 0
240 553 411 574 472 0
240 520 429 543 493 0
240 891 689 967 719 0
241 553 260 565 284 0
241 166 326 180 362 0
241 699 311 717 354 0
241 316 365 333 409 0
241 347 359 363 401 0
241 355 356 370 398 0
241 483 422 507 481 0
241 550 413 573 473 0
241 520 430 544 493 0
242 553 260 565 283 0
242 164 327 178 361 0
242 700 310 718 354 0
242 313 365 331 408 0
242 348 357 362 400 0
242 477 423 498 483 0
242 486 422 509 480 0
242 530 424 556 486 0
242 520 431 546 493 0
243 549 258 561 282 0
243 554 259 565 283 0
243 162 328 177 361 0
243 701 310 719 354 0
243 310 366 327 409 0
243 344 355 357 399 0
243 473 424 495 484 0
243 536 421 559 483 0
243 519 432 545 495 0
244 549 258 560 281 0
244 160 327 175 361 0
244 703 310 720 353 0
244 306 366 323 409 0
244 339 352 352 398 0
244 469 424 492 484 0
244 539 418 560 478 0
244 518 434 543 497 0
245 160 324 173 361 0
245 704 309 721 353 0
245 303 363 319 407 0
245 465 425 489 485 0
245 538 416 558 475 0
245 517 436 542 499 0
246 155 325 169 363 0
246 704 309 721 353 0
246 331 351 344 398 0
246 261 392 282 444 0
246 461 425 485 486 0
246 536 415 557 476 0
246 516 436 540 500 0
247 154 324 167 363 0
247 705 309 722 353 0
247 328 352 341 399 0
247 257 392 278 443 0
247 456 423 481 486 0
247 533 415 554 478 0
247 573 400 596 458 0
247 516 436 539 500 0
248 152 325 166 363 0
248 706 309 722 353 0
248 312 357 328 402 0
248 325 353 339 399 0
248 256 391 276 441 0
248 452 423 476 487 0
248 530 416 551 482 0
248 571 401 593 458 0
248 444 440 462 488 0
248 516 434 540 503 0
249 149 325 162 363 0
249 706 308 723 351 0
249 317 355 333 400 0
249 256 391 275 439 0
249 528 417 549 484 0
249 567 402 588 458 0
249 447 436 466 487 0
249 516 435 539 506 0
250 146 327 159 363 0
250 707 307 723 351 0
250 317 356 333 401 0
250 324 353 338 398 0
250 248 393 268 439 0
250 414 392 431 443 0
250 563 403 584 458 0
250 446 433 466 486 0
250 516 435 540 508 0
251 708 307 724 350 0
251 314 356 330 399 0
251 246 395 268 441 0
251 414 391 431 443 0
251 562 404 583 459 0
251 442 433 463 485 0
251 516 436 540 507 0
252 709 307 725 350 0
252 310 356 327 399 0
252 244 396 266 445 0
252 413 391 431 442 0
252 562 405 584 459 0
252 437 433 459 486 0
252 516 434 541 506 0
253 710 307 726 349 0
253 307 357 324 399 0
253 242 397 263 447 0
253 563 404 585 460 0
253 432 432 455 488 0
253 510 440 535 512 0
254 710 304 725 347 0
254 716 308 731 351 0
254 303 359 318 400 0
254 238 398 260 448 0
254 531 411 554 486 0
254 560 404 582 461 0
254 428 431 451 490 0
254 510 440 534 514 0
255 711 304 725 346 0
255 299 359 313 401 0
255 235 399 258 449 0
255 536 408 557 480 0
255 558 405 580 461 0
255 423 431 447 491 0
255 509 440 534 516 0
256 712 305 726 346 0
256 231 401 254 452 0
256 540 407 559 473 0
256 556 407 578 462 0
256 420 431 443 492 0
256 508 439 533 517 0
257 713 305 726 346 0
257 229 401 252 453 0
257 539 406 558 471 0
257 556 408 577 463 0
257 419 433 441 492 0
257 507 437 533 518 0
258 716 309 730 348 0
258 423 389 444 448 0
258 228 402 250 454 0
258 537 405 555 470 0
258 555 408 575 463 0
258 506 436 531 521 0
259 716 306 731 345 0
259 245 365 264 410 0
259 236 385 259 434 0
259 427 389 446 445 0
259 226 404 249 456 0
259 504 437 530 524 0
260 716 306 731 344 0
260 242 367 262 411 0
260 431 388 447 444 0
260 226 407 248 457 0
260 504 439 530 526 0
261 716 305 731 345 0
261 238 366 257 412 0
261 434 385 449 442 0
261 213 409 237 457 0
261 535 410 556 468 0
261 503 440 531 528 0
262 716 305 731 345 0
262 232 364 250 411 0
262 435 383 450 440 0
262 211 407 235 459 0
262 536 410 557 466 0
262 503 443 529 529 0
263 717 306 732 345 0
263 228 362 246 410 0
263 436 382 452 438 0
263 209 405 234 461 0
263 534 411 554 471 0
263 518 427 540 502 0
263 499 456 524 531 0
264 718 305 733 344 0
264 225 363 245 410 0
264 439 384 454 436 0
264 207 407 231 463 0
264 529 413 550 478 0
264 517 425 539 498 0
264 496 458 521 532 0
265 719 304 734 344 0
265 225 363 243 410 0
265 441 383 456 434 0
265 204 409 229 464 0
265 524 415 544 485 0
265 494 459 518 533 0
266 720 303 735 343 0
266 228 361 245 407 0
266 442 382 458 433 0
266 202 410 227 466 0
266 514 414 531 489 0
266 523 416 543 486 0
266 491 459 516 535 0
267 720 303 735 343 0
267 442 380 460 432 0
267 200 410 226 467 0
267 514 413 531 486 0
267 525 416 544 483 0
267 489 459 515 537 0
268 721 302 735 343 0
268 443 381 461 431 0
268 198 409 225 468 0
268 512 413 530 481 0
268 525 414 544 477 0
268 489 462 514 540 0
269 721 302 736 343 0
269 444 381 462 430 0
269 452 382 469 431 0
269 195 409 222 469 0
269 510 414 529 480 0
269 525 414 543 474 0
269 487 465 513 542 0
270 721 301 736 342 0
270 445 379 462 430 0
270 453 380 468 431 0
270 193 409 219 470 0
270 509 415 528 481 0
270 524 414 542 475 0
270 364 448 385 501 0
270 485 468 511 542 0
271 721 301 736 341 0
271 248 354 265 399 0
271 440 378 456 428 0
271 453 378 469 429 0
271 191 409 215 471 0
271 507 416 526 483 0
271 524 416 542 480 0
271 360 447 382 502 0
271 482 468 510 541 0
272 721 301 736 341 0
272 195 360 210 413 0
272 247 356 265 399 0
272 434 377 450 427 0
272 455 378 471 428 0
272 190 409 213 471 0
272 506 417 525 482 0
272 523 417 542 483 0
272 356 448 379 504 0
272 480 468 508 542 0
273 721 301 736 340 0
273 185 362 201 409 0
273 192 361 208 411 0
273 242 356 261 399 0
273 427 378 443 427 0
273 456 378 473 427 0
273 187 410 211 473 0
273 503 417 523 480 0
273 522 418 542 485 0
273 352 448 376 505 0
273 476 469 504 546 0
274 722 301 737 340 0
274 191 361 207 409 0
274 238 357 256 398 0
274 427 376 443 426 0
274 458 377 475 427 0
274 183 412 206 473 0
274 501 418 522 482 0
274 521 419 541 487 0
274 347 449 370 505 0
274 528 426 550 497 0
274 475 471 502 549 0
275 722 300 737 339 0
275 185 365 202 410 0
275 193 358 209 406 0
275 235 356 253 398 0
275 429 374 444 424 0
275 458 376 475 425 0
275 181 415 204 475 0
275 499 419 521 484 0
275 519 419 540 488 0
275 344 450 368 506 0
275 531 428 554 500 0
275 472 472 500 550 0
276 722 300 736 339 0
276 182 365 199 411 0
276 232 355 249 399 0
276 431 372 446 423 0
276 459 374 477 424 0
276 179 417 202 477 0
276 497 420 520 487 0
276 518 419 539 490 0
276 341 450 364 508 0
276 532 428 556 502 0
276 469 472 497 551 0
277 722 300 736 340 0
277 230 355 246 398 0
277 178 373 196 416 0
277 434 372 449 422 0
277 461 373 478 422 0
277 177 418 199 479 0
277 496 420 519 487 0
277 517 420 538 491 0
277 337 452 359 508 0
277 534 431 559 506 0
277 467 474 495 552 0
278 722 299 737 339 0
278 227 355 243 398 0
278 174 372 193 416 0
278 463 372 480 422 0
278 175 419 197 480 0
278 494 420 518 487 0
278 517 420 538 491 0
278 333 453 354 510 0
278 536 433 559 509 0
278 466 476 492 555 0
279 722 298 737 339 0
279 174 351 191 392 0
279 225 355 242 399 0
279 172 373 190 418 0
279 441 372 455 421 0
279 466 372 482 423 0
279 173 422 195 481 0
279 493 420 516 487 0
279 517 420 537 489 0
279 330 455 350 512 0
279 539 436 561 513 0
279 465 478 491 558 0
280 172 348 188 389 0
280 223 355 240 399 0
280 169 372 186 419 0
280 442 371 456 421 0
280 468 371 484 422 0
280 170 423 192 482 0
280 493 421 515 489 0
280 517 420 537 488 0
280 326 455 347 514 0
280 539 436 562 512 0
280 463 480 489 560 0
281 170 347 185 386 0
281 222 354 240 400 0
281 165 373 182 420 0
281 442 372 457 420 0
281 471 370 487 421 0
281 167 426 190 483 0
281 492 423 515 490 0
281 519 420 538 489 0
281 323 456 344 517 0
281 537 434 560 510 0
281 548 440 571 515 0
281 460 482 488 559 0
282 167 347 182 385 0
282 223 353 239 397 0
282 153 376 169 423 0
282 160 373 178 420 0
282 443 372 458 420 0
282 473 369 490 418 0
282 164 426 187 484 0
282 492 423 515 490 0
282 520 421 539 491 0
282 320 457 342 518 0
282 533 431 556 507 0
282 547 440 571 516 0
282 457 482 486 559 0
283 721 295 735 336 0
283 164 349 180 386 0
283 157 374 175 420 0
283 445 371 459 420 0
283 475 369 492 418 0
283 160 426 182 485 0
283 492 424 515 490 0
283 521 421 541 492 0
283 527 427 550 505 0
283 547 439 573 517 0
283 313 462 336 525 0
283 453 483 484 559 0
284 721 296 735 335 0
284 162 348 178 385 0
284 475 367 492 416 0
284 152 373 170 421 0
284 446 370 461 419 0
284 157 425 178 486 0
284 493 423 516 491 0
284 151 435 167 494 0
284 524 424 547 503 0
284 548 441 575 519 0
284 313 462 335 525 0
284 449 483 482 561 0
285 721 296 735 335 0
285 161 349 176 387 0
285 476 367 494 416 0
285 150 375 167 422 0
285 159 377 176 421 0
285 447 369 463 418 0
285 152 424 171 487 0
285 493 424 515 496 0
285 523 423 546 502 0
285 550 444 577 521 0
285 311 462 332 526 0
285 446 487 477 563 0
286 721 297 735 334 0
286 447 367 464 415 0
286 478 366 495 415 0
286 146 375 164 423 0
286 151 429 171 492 0
286 493 426 516 498 0
286 523 424 546 500 0
286 309 463 329 528 0
286 439 485 472 567 0
287 721 297 735 334 0
287 150 353 165 391 0
287 448 367 465 414 0
287 478 366 495 414 0
287 487 364 502 410 0
287 141 376 159 422 0
287 471 370 486 417 0
287 150 431 169 493 0
287 494 428 516 499 0
287 523 426 546 499 0
287 557 446 581 525 0
287 306 465 326 530 0
287 438 486 467 567 0
288 720 297 735 334 0
288 150 349 165 385 0
288 449 367 465 414 0
288 470 366 487 413 0
288 486 364 502 411 0
288 136 376 154 421 0
288 147 432 166 494 0
288 494 431 517 500 0
288 524 429 546 499 0
288 560 447 582 525 0
288 303 466 324 531 0
288 436 486 462 569 0
289 719 296 734 333 0
289 149 346 165 381 0
289 449 365 466 413 0
289 460 366 478 413 0
289 486 365 503 411 0
289 134 376 151 422 0
289 145 435 164 496 0
289 494 432 517 500 0
289 525 430 546 498 0
289 563 449 585 524 0
289 300 467 322 532 0
289 432 487 458 573 0
290 718 295 733 332 0
290 148 347 163 381 0
290 452 365 471 413 0
290 489 364 505 410 0
290 131 378 147 423 0
290 494 433 517 500 0
290 525 432 546 499 0
290 563 450 585 521 0
290 297 468 320 533 0
290 428 489 455 576 0
291 718 293 732 331 0
291 453 364 472 411 0
291 491 363 506 410 0
291 494 434 517 501 0
291 524 433 546 502 0
291 563 449 587 522 0
291 295 470 318 534 0
291 425 491 452 577 0
292 454 363 473 410 0
292 493 362 508 409 0
292 495 435 517 502 0
292 523 434 546 506 0
292 291 471 316 535 0
292 421 493 449 577 0
293 190 355 206 399 0
293 456 363 474 410 0
293 495 361 509 408 0
293 495 435 517 504 0
293 523 435 546 509 0
293 288 472 313 537 0
293 417 493 446 578 0
294 717 292 731 329 0
294 187 355 203 397 0
294 458 362 476 409 0
294 496 361 510 408 0
294 496 435 518 504 0
294 524 435 545 509 0
294 285 471 310 540 0
294 414 495 444 580 0
295 717 292 730 328 0
295 186 356 202 398 0
295 460 361 479 407 0
295 497 360 510 407 0
295 497 435 518 504 0
295 524 436 545 509 0
295 281 470 304 542 0
295 407 498 439 581 0
296 716 292 730 328 0
296 183 356 200 398 0
296 462 360 480 405 0
296 498 358 511 405 0
296 497 436 518 506 0
296 525 436 546 509 0
296 279 472 302 544 0
296 403 499 435 583 0
297 716 292 730 328 0
297 180 356 197 398 0
297 464 360 482 404 0
297 498 357 512 404 0
297 496 438 518 509 0
297 525 436 547 511 0
297 277 474 300 546 0
297 399 499 430 583 0
298 715 291 730 328 0
298 178 356 195 398 0
298 466 360 483 404 0
298 499 356 514 403 0
298 496 440 518 511 0
298 526 437 548 513 0
298 275 476 299 548 0
298 396 500 424 588 0
299 714 290 728 326 0
299 176 358 193 399 0
299 468 359 486 405 0
299 501 356 516 403 0
299 496 443 518 513 0
299 526 439 548 514 0
299 271 478 297 548 0
299 392 502 420 592 0
300 714 289 727 326 0
300 470 358 487 405 0
300 502 356 517 402 0
300 496 444 518 513 0
300 526 440 548 514 0
300 268 479 295 549 0
300 151 502 182 580 0
300 387 505 416 596 0
301 715 289 727 325 0
301 471 357 489 404 0
301 504 354 518 402 0
301 495 445 518 515 0
301 525 442 548 516 0
301 264 481 291 549 0
301 152 498 185 582 0
301 383 508 412 597 0
302 714 288 726 325 0
302 473 356 490 403 0
302 506 354 520 401 0
302 495 446 518 518 0
302 525 442 549 520 0
302 261 483 288 550 0
302 154 494 187 580 0
302 382 508 410 596 0
303 714 288 726 325 0
303 475 355 491 402 0
303 507 353 522 400 0
303 495 448 518 522 0
303 525 443 549 523 0
303 258 485 284 552 0
303 158 493 188 576 0
303 374 511 403 597 0
304 713 288 726 325 0
304 477 354 493 401 0
304 508 354 524 399 0
304 496 449 519 524 0
304 526 445 550 526 0
304 255 485 280 555 0
304 161 491 190 573 0
304 370 510 400 599 0
305 713 288 725 324 0
305 160 356 178 397 0
305 479 353 495 400 0
305 509 353 525 398 0
305 496 450 519 525 0
305 528 447 550 527 0
305 253 485 278 556 0
305 165 490 194 570 0
305 364 516 397 602 0
306 712 287 724 323 0
306 480 352 497 398 0
306 509 353 524 397 0
306 496 450 519 526 0
306 528 448 550 528 0
306 247 487 271 556 0
306 616 468 646 555 0
306 168 490 197 570 0
306 359 518 393 603 0
307 711 287 724 323 0
307 481 353 499 397 0
307 507 352 522 395 0
307 496 450 518 527 0
307 527 448 550 529 0
307 244 487 269 557 0
307 254 485 277 549 0
307 619 467 649 555 0
307 171 490 200 569 0
307 354 519 387 604 0
308 710 287 723 323 0
308 482 353 500 397 0
308 503 351 519 394 0
308 495 450 518 528 0
308 526 447 550 530 0
308 621 468 652 558 0
308 174 488 203 568 0
308 240 491 266 561 0
308 350 522 381 606 0
309 710 287 723 322 0
309 483 352 499 397 0
309 501 351 516 395 0
309 527 447 550 532 0
309 189 480 215 552 0
309 494 454 517 533 0
309 623 470 654 558 0
309 176 486 206 566 0
309 236 491 264 562 0
309 342 523 371 609 0
310 709 286 722 322 0
310 483 351 498 397 0
310 178 480 207 562 0
310 493 454 516 535 0
310 527 452 551 533 0
310 625 472 655 559 0
310 232 493 261 564 0
310 338 527 369 613 0
311 708 285 721 322 0
311 145 355 161 395 0
311 184 478 214 558 0
311 492 455 516 537 0
311 526 452 551 534 0
311 628 473 657 559 0
311 229 494 257 566 0
311 333 528 365 616 0
312 707 285 721 322 0
312 143 354 159 394 0
312 186 479 216 559 0
312 490 457 516 539 0
312 525 453 550 535 0
312 629 474 659 560 0
312 226 495 253 567 0
312 327 529 359 616 0
313 707 285 720 321 0
313 141 354 158 395 0
313 190 477 217 557 0
313 489 459 516 540 0
313 524 455 550 537 0
313 631 476 663 563 0
313 222 494 249 570 0
313 321 530 353 615 0
314 706 285 720 321 0
314 140 353 156 395 0
314 518 343 533 387 0
314 194 476 219 556 0
314 488 462 515 541 0
314 524 458 549 539 0
314 632 478 668 564 0
314 205 491 234 571 0
314 219 494 246 573 0
314 316 532 349 616 0
315 706 285 719 321 0
315 137 354 154 395 0
315 518 343 533 388 0
315 197 473 223 559 0
315 486 463 514 542 0
315 524 460 550 541 0
315 210 489 240 576 0
315 635 483 672 567 0
315 308 534 340 619 0
316 706 284 720 320 0
316 133 355 151 395 0
316 503 346 518 390 0
316 519 344 534 388 0
316 200 472 227 564 0
316 484 462 511 542 0
316 523 461 550 543 0
316 209 486 239 576 0
316 636 484 673 567 0
316 304 535 336 621 0
317 705 284 719 320 0
317 130 355 147 394 0
317 501 346 517 390 0
317 520 345 536 388 0
317 481 462 509 543 0
317 524 463 550 545 0
317 208 485 238 577 0
317 642 483 676 571 0
317 299 535 330 623 0
318 704 284 719 319 0
318 499 346 516 389 0
318 521 345 537 387 0
318 479 464 507 543 0
318 523 465 549 545 0
318 208 491 237 579 0
318 646 483 679 573 0
318 294 537 324 626 0
319 703 284 718 319 0
319 499 346 516 389 0
319 521 344 539 387 0
319 157 409 179 462 0
319 477 468 504 544 0
319 523 466 549 545 0
319 206 497 234 581 0
319 650 485 683 575 0
319 276 538 303 615 0
319 288 539 318 629 0
320 701 284 716 319 0
320 501 345 517 389 0
320 522 344 540 387 0
320 161 409 183 460 0
320 212 466 238 555 0
320 475 469 502 544 0
320 523 467 549 547 0
320 202 498 231 581 0
320 653 487 686 575 0
320 283 541 315 631 0
321 502 345 518 388 0
321 523 344 541 386 0
321 165 407 186 458 0
321 213 465 240 551 0
321 472 469 499 546 0
321 522 468 549 549 0
321 200 502 228 582 0
321 655 489 689 576 0
321 274 542 307 632 0
322 503 345 518 387 0
322 524 343 541 385 0
322 168 406 190 457 0
322 219 464 246 544 0
322 469 469 497 548 0
322 521 469 549 550 0
322 197 507 226 585 0
322 657 489 692 577 0
322 269 545 306 636 0
323 504 345 519 386 0
323 524 342 542 383 0
323 170 405 192 456 0
323 222 464 248 544 0
323 467 471 495 550 0
323 520 470 548 549 0
323 195 512 223 590 0
323 659 489 697 579 0
323 264 547 298 636 0
324 505 345 520 385 0
324 525 341 542 382 0
324 172 406 193 455 0
324 225 462 251 542 0
324 465 472 492 552 0
324 519 471 547 551 0
324 193 515 220 591 0
324 662 491 702 581 0
324 257 548 291 638 0
325 506 344 521 385 0
325 526 341 543 381 0
325 176 406 195 454 0
325 228 461 252 539 0
325 463 474 490 554 0
325 517 473 546 554 0
325 665 493 705 582 0
325 193 520 218 595 0
325 252 549 286 640 0
326 507 343 522 384 0
326 527 340 543 381 0
326 179 406 198 454 0
326 230 459 254 535 0
326 461 475 487 557 0
326 515 476 544 560 0
326 668 493 705 585 0
326 189 520 216 596 0
326 248 552 282 644 0
327 529 339 545 378 0
327 507 342 523 384 0
327 182 405 201 453 0
327 232 460 257 532 0
327 458 477 485 559 0
327 514 478 542 563 0
327 676 495 711 588 0
327 186 520 214 598 0
327 239 553 271 645 0
328 530 338 545 378 0
328 507 341 523 384 0
328 184 403 204 453 0
328 235 459 260 532 0
328 454 478 483 560 0
328 509 477 535 557 0
328 680 497 715 589 0
328 180 523 209 600 0
328 234 554 265 646 0
329 531 338 546 378 0
329 61 348 76 381 0
329 507 341 523 384 0
329 188 402 209 454 0
329 237 460 263 532 0
329 450 480 482 561 0
329 507 477 534 561 0
329 684 500 720 590 0
329 179 525 207 601 0
329 227 557 258 648 0
330 532 337 547 378 0
330 60 348 75 380 0
330 508 340 524 384 0
330 190 401 210 453 0
330 239 459 265 531 0
330 447 481 480 562 0
330 503 477 530 562 0
330 687 503 724 592 0
330 177 527 206 603 0
330 208 562 238 647 0
330 220 560 254 651 0
331 534 337 548 378 0
331 60 349 75 381 0
331 508 339 524 384 0
331 192 398 213 449 0
331 241 457 267 530 0
331 441 484 473 567 0
331 499 483 527 570 0
331 691 504 727 593 0
331 173 527 202 606 0
331 215 561 251 657 0
332 535 336 549 378 0
332 63 351 78 383 0
332 510 339 525 384 0
332 194 399 216 449 0
332 243 451 269 526 0
332 255 452 278 519 0
332 441 483 472 567 0
332 496 484 524 570 0
332 693 504 730 595 0
332 168 528 198 610 0
332 204 565 242 660 0
333 512 337 527 379 0
333 536 336 550 378 0
333 196 398 218 449 0
333 252 452 278 522 0
333 439 483 469 568 0
333 492 484 521 570 0
333 696 506 735 597 0
333 164 530 194 613 0
333 713 527 742 602 0
333 199 565 235 662 0
334 512 337 527 378 0
334 538 336 551 377 0
334 97 354 112 391 0
334 199 397 221 449 0
334 252 452 280 524 0
334 437 484 467 569 0
334 487 485 517 569 0
334 697 509 739 599 0
334 162 532 190 615 0
334 194 568 228 662 0
335 513 336 528 378 0
335 538 336 552 377 0
335 95 354 110 391 0
335 203 397 224 450 0
335 255 451 283 522 0
335 435 487 466 570 0
335 470 492 497 571 0
335 483 487 512 572 0
335 159 533 185 615 0
335 704 513 744 608 0
335 188 569 222 663 0
336 514 336 528 377 0
336 539 335 552 376 0
336 93 354 109 392 0
336 206 395 226 450 0
336 258 449 284 521 0
336 433 489 464 571 0
336 480 490 508 576 0
336 156 535 182 616 0
336 708 513 745 609 0
336 188 573 219 655 0
337 515 334 529 376 0
337 540 334 553 375 0
337 93 354 109 392 0
337 210 396 229 450 0
337 261 446 286 520 0
337 431 490 461 573 0
337 475 488 501 574 0
337 712 514 748 613 0
338 515 334 530 375 0
338 540 334 553 374 0
338 86 354 103 390 0
338 96 353 111 391 0
338 213 397 233 449 0
338 264 443 288 517 0
338 429 490 457 575 0
338 470 490 498 575 0
338 715 515 752 615 0
339 516 334 530 373 0
339 539 333 553 373 0
339 215 396 236 448 0
339 266 441 291 516 0
339 425 491 454 579 0
339 465 492 494 577 0
339 718 516 756 618 0
340 516 334 531 374 0
340 537 333 550 372 0
340 216 404 236 451 0
340 269 441 294 514 0
340 421 494 450 581 0
340 462 494 490 580 0
340 722 518 758 619 0
341 516 334 531 374 0
341 534 332 548 371 0
341 81 354 97 390 0
341 271 441 296 514 0
341 416 496 447 583 0
341 460 496 486 583 0
341 724 520 760 620 0
342 516 332 530 373 0
342 80 354 96 390 0
342 274 440 299 512 0
342 419 498 449 584 0
342 456 499 481 586 0
342 727 522 763 620 0
343 227 395 249 443 0
343 276 439 302 511 0
343 409 499 438 586 0
343 427 500 458 586 0
343 451 502 477 588 0
343 729 524 768 624 0
344 229 395 252 443 0
344 278 437 305 510 0
344 407 498 436 589 0
344 436 504 466 590 0
344 731 527 772 627 0
345 73 354 90 390 0
345 231 395 253 443 0
345 283 436 312 509 0
345 403 500 434 590 0
345 439 508 468 592 0
345 737 532 777 632 0
346 72 354 89 391 0
346 232 395 254 443 0
346 285 437 313 507 0
346 400 503 431 593 0
346 435 509 465 593 0
346 739 534 779 634 0
347 70 355 87 391 0
347 234 395 255 442 0
347 288 435 314 506 0
347 396 506 426 593 0
347 432 510 461 595 0
347 742 534 781 636 0
348 68 355 85 391 0
348 236 395 256 441 0
348 291 432 316 503 0
348 392 508 420 596 0
348 428 509 456 597 0
348 745 535 783 638 0
349 66 355 83 390 0
349 238 395 258 441 0
349 294 429 317 501 0
349 387 508 415 597 0
349 424 509 452 599 0
349 746 539 786 647 0
350 64 354 82 389 0
350 241 394 262 440 0
350 296 427 319 499 0
350 385 508 415 598 0
350 420 508 447 601 0
350 749 543 789 646 0
351 552 328 565 366 0
351 63 354 80 389 0
351 244 393 266 439 0
351 298 427 321 499 0
351 393 510 422 598 0
351 417 508 444 602 0
351 374 515 406 602 0
351 751 544 792 647 0
352 534 329 548 367 0
352 552 329 565 366 0
352 62 354 78 390 0
352 245 392 268 438 0
352 300 427 323 498 0
352 371 518 404 602 0
352 404 514 431 604 0
352 416 515 442 604 0
352 754 545 794 649 0
353 532 329 547 366 0
353 553 327 567 365 0
353 61 354 77 390 0
353 247 392 270 438 0
353 303 427 326 497 0
353 368 519 399 603 0
353 411 513 436 605 0
353 757 547 798 652 0
354 532 328 546 366 0
354 554 326 568 363 0
354 59 354 76 391 0
354 249 392 271 437 0
354 306 426 328 495 0
354 364 520 393 604 0
354 408 514 433 607 0
354 757 549 802 659 0
