1 24 331 45 364 0
1 961 315 984 356 0
1 26 345 45 376 0
1 824 351 844 396 0
1 105 379 128 428 0
1 127 375 150 422 0
1 322 435 349 487 0
1 156 528 189 595 0
1 772 536 814 603 0
1 758 516 827 627 0
2 608 280 621 316 0
2 27 343 43 373 0
2 974 319 992 361 0
2 833 356 848 405 0
2 115 380 135 434 0
2 134 375 152 427 0
2 327 432 350 493 0
2 160 520 191 608 0
2 774 531 818 619 0
3 610 279 622 314 0
3 26 342 43 372 0
3 974 319 992 361 0
3 833 356 849 406 0
3 113 380 132 434 0
3 135 375 154 428 0
3 324 433 348 495 0
3 155 522 187 610 0
3 777 531 821 622 0
4 25 342 43 372 0
4 974 319 992 361 0
4 833 356 849 406 0
4 137 378 155 431 0
4 322 434 346 497 0
4 151 526 187 614 0
4 783 530 825 623 0
5 568 270 582 299 0
5 974 319 992 361 0
5 1022 321 1039 369 0
5 833 356 849 406 0
5 138 380 157 434 0
5 320 435 344 498 0
5 153 534 185 611 0
5 787 526 830 626 0
6 567 270 582 298 0
6 974 319 992 362 0
6 1021 320 1038 368 0
6 833 355 849 406 0
6 139 381 158 435 0
6 319 436 342 499 0
6 140 532 175 615 0
6 156 540 184 608 0
6 790 521 831 624 0
7 566 268 580 295 0
7 973 319 992 362 0
7 1019 320 1038 368 0
7 833 355 849 405 0
7 140 379 159 433 0
7 318 437 342 499 0
7 785 496 818 591 0
7 793 518 832 621 0
7 810 534 847 629 0
8 566 268 580 294 0
8 973 319 993 362 0
8 1020 320 1038 368 0
8 833 355 849 405 0
8 318 438 341 500 0
8 781 493 811 585 0
8 795 521 830 619 0
8 813 538 850 629 0
9 566 268 580 294 0
9 622 285 636 316 0
9 758 288 776 325 0
9 973 319 993 361 0
9 1021 320 1039 368 0
9 833 355 849 405 0
9 143 381 160 433 0
9 314 439 339 503 0
9 777 490 808 580 0
9 815 541 855 630 0
10 566 267 580 294 0
10 620 283 634 314 0
10 973 318 993 360 0
10 833 355 849 406 0
10 143 382 162 436 0
10 313 440 339 505 0
10 768 490 800 577 0
10 841 542 872 624 0
10 811 548 855 641 0
11 567 267 580 294 0
11 620 282 633 314 0
11 974 319 992 361 0
11 834 356 849 406 0
11 145 383 163 437 0
11 312 441 338 506 0
11 764 490 799 576 0
11 840 543 874 628 0
11 816 548 861 643 0
12 567 267 580 295 0
12 974 319 992 361 0
12 833 356 850 407 0
12 146 383 165 437 0
12 310 441 337 506 0
12 760 488 794 574 0
12 821 549 866 640 0
13 566 268 580 295 0
13 974 319 992 361 0
13 833 356 851 407 0
13 148 383 167 437 0
13 307 441 334 508 0
13 754 487 786 572 0
13 826 548 873 639 0
14 566 268 580 295 0
14 623 282 637 315 0
14 974 319 992 361 0
14 1020 319 1036 369 0
14 832 354 852 406 0
14 150 384 169 437 0
14 305 443 331 509 0
14 748 484 779 571 0
14 838 550 883 640 0
15 566 268 580 296 0
15 624 281 638 315 0
15 974 319 992 362 0
15 1019 319 1035 368 0
15 833 353 853 404 0
15 151 386 171 439 0
15 303 444 329 510 0
15 745 484 773 570 0
15 843 552 887 645 0
15 876 560 904 641 0
16 566 269 581 296 0
16 625 281 640 315 0
16 974 318 992 362 0
16 1016 318 1032 365 0
16 833 352 854 403 0
16 152 388 172 440 0
16 302 446 327 512 0
16 737 485 767 568 0
16 848 553 891 647 0
16 872 553 904 646 0
17 567 269 581 297 0
17 626 281 640 313 0
17 974 319 992 362 0
17 1015 319 1031 360 0
17 833 353 854 403 0
17 153 387 172 439 0
17 300 446 326 513 0
17 734 484 764 568 0
17 854 554 895 648 0
18 567 269 581 297 0
18 627 282 642 313 0
18 972 322 990 363 0
18 832 354 853 406 0
18 156 386 176 437 0
18 299 447 325 515 0
18 730 482 760 569 0
18 858 556 900 650 0
19 567 268 580 296 0
19 629 283 643 314 0
19 832 356 850 407 0
19 157 385 177 435 0
19 297 448 324 517 0
19 725 483 755 567 0
19 861 559 905 654 0
20 566 268 580 296 0
20 631 283 645 316 0
20 832 355 849 408 0
20 41 382 65 436 0
20 158 386 178 435 0
20 295 449 323 519 0
20 723 478 754 564 0
20 871 561 917 659 0
21 566 269 580 297 0
21 632 283 646 317 0
21 969 324 986 356 0
21 1021 319 1037 363 0
21 833 355 848 408 0
21 36 383 61 437 0
21 160 387 179 436 0
21 293 450 321 520 0
21 719 479 751 563 0
21 870 564 923 664 0
22 567 269 580 297 0
22 634 282 647 318 0
22 972 322 990 357 0
22 1018 319 1034 362 0
22 833 355 850 407 0
22 31 385 58 439 0
22 161 388 180 437 0
22 291 450 319 520 0
22 714 478 748 560 0
22 879 565 928 659 0
23 567 269 581 298 0
23 636 283 649 319 0
23 974 320 991 358 0
23 833 357 852 407 0
23 162 389 181 438 0
23 290 450 318 522 0
23 711 477 742 554 0
23 885 566 934 658 0
24 567 270 581 298 0
24 972 322 991 358 0
24 831 359 855 407 0
24 163 389 182 439 0
24 289 451 316 525 0
24 703 475 732 557 0
24 890 568 938 660 0
25 567 269 581 298 0
25 973 322 990 358 0
25 832 362 855 407 0
25 163 390 184 440 0
25 288 451 314 527 0
25 700 475 729 557 0
25 902 571 949 664 0
26 566 269 580 297 0
26 973 320 990 359 0
26 830 360 853 405 0
26 164 391 185 441 0
26 288 456 312 530 0
26 695 474 725 555 0
26 906 572 955 667 0
27 567 269 580 297 0
27 975 317 991 360 0
27 831 358 852 404 0
27 165 391 186 442 0
27 286 458 311 530 0
27 691 473 721 553 0
27 913 572 960 669 0
28 567 269 581 298 0
28 974 318 992 361 0
28 832 356 851 403 0
28 166 391 187 443 0
28 284 460 310 532 0
28 687 471 717 552 0
28 919 573 965 668 0
29 568 269 582 298 0
29 974 319 992 362 0
29 833 355 852 405 0
29 167 392 189 444 0
29 279 462 306 534 0
29 684 469 712 552 0
29 923 577 968 677 0
30 568 269 582 299 0
30 974 319 992 362 0
30 832 353 851 406 0
30 169 393 190 446 0
30 278 465 305 536 0
30 680 468 708 550 0
30 923 580 972 686 0
31 568 269 582 298 0
31 974 319 992 362 0
31 833 353 851 407 0
31 170 395 191 446 0
31 276 466 304 537 0
31 676 469 707 548 0
31 933 583 982 685 0
32 568 270 582 298 0
32 974 319 992 362 0
32 834 354 850 407 0
32 171 396 191 447 0
32 275 466 302 538 0
32 669 469 703 548 0
32 939 583 988 689 0
33 569 270 583 299 0
33 974 319 992 362 0
33 834 355 850 406 0
33 172 396 192 448 0
33 273 466 299 541 0
33 665 468 698 546 0
33 680 473 706 539 0
33 946 584 994 689 0
34 569 271 583 300 0
34 974 319 992 362 0
34 833 356 848 406 0
34 173 395 194 449 0
34 272 467 296 543 0
34 660 466 690 544 0
34 954 588 1001 690 0
35 569 271 583 300 0
35 974 319 992 362 0
35 832 356 848 406 0
35 174 396 196 450 0
35 270 468 294 545 0
35 657 465 683 540 0
35 965 591 1018 687 0
36 570 271 583 300 0
36 974 319 992 362 0
36 832 356 848 406 0
36 176 396 198 450 0
36 268 470 292 546 0
36 653 465 680 539 0
36 969 591 1024 694 0
37 570 271 584 299 0
37 974 319 992 362 0
37 831 355 848 406 0
37 178 400 199 454 0
37 265 472 289 546 0
37 637 468 663 534 0
37 649 465 676 537 0
37 976 594 1029 696 0
38 571 271 585 299 0
38 974 319 992 362 0
38 1019 319 1037 369 0
38 831 355 848 406 0
38 179 399 200 454 0
38 261 473 286 548 0
38 646 463 672 536 0
38 982 595 1034 698 0
39 974 319 992 362 0
39 1018 319 1036 368 0
39 831 356 848 406 0
39 181 398 201 455 0
39 257 474 284 550 0
39 640 462 665 537 0
39 988 600 1036 694 0
40 974 318 993 362 0
40 1016 320 1035 366 0
40 832 356 848 407 0
40 181 398 202 456 0
40 253 476 282 552 0
40 637 459 662 535 0
40 997 604 1052 698 0
41 974 318 993 361 0
41 1017 321 1035 365 0
41 832 356 848 407 0
41 181 398 203 456 0
41 251 477 280 553 0
41 633 460 659 533 0
41 997 605 1054 712 0
42 660 281 672 317 0
42 973 321 992 362 0
42 832 356 848 407 0
42 181 400 203 457 0
42 246 478 273 551 0
42 628 461 657 531 0
42 1004 604 1060 714 0
43 661 280 673 317 0
43 972 323 990 360 0
43 832 356 848 406 0
43 182 400 204 457 0
43 245 481 271 553 0
43 625 465 653 528 0
43 1012 603 1068 716 0
44 661 280 674 318 0
44 832 356 848 407 0
44 183 401 205 457 0
44 244 482 268 556 0
44 1018 605 1075 718 0
45 661 280 674 319 0
45 832 355 848 408 0
45 183 401 206 457 0
45 242 484 267 559 0
45 1030 606 1088 715 0
46 661 281 675 319 0
46 972 321 990 361 0
46 1023 320 1040 370 0
46 833 356 850 408 0
46 184 401 206 459 0
46 239 485 265 559 0
46 1037 608 1095 717 0
47 570 271 586 299 0
47 662 282 676 319 0
47 972 319 991 361 0
47 833 357 851 409 0
47 184 403 205 460 0
47 238 488 263 562 0
47 1044 609 1099 718 0
48 570 271 586 300 0
48 663 283 678 319 0
48 973 318 991 361 0
48 1022 321 1039 369 0
48 834 356 853 408 0
48 184 404 205 460 0
48 234 489 260 563 0
48 1050 612 1103 719 0
49 570 271 586 301 0
49 973 318 991 362 0
49 1022 321 1039 369 0
49 834 355 854 408 0
49 185 405 205 459 0
49 231 489 257 566 0
49 1056 628 1099 706 0
50 571 272 586 302 0
50 973 318 991 362 0
50 1022 321 1039 369 0
50 835 354 856 406 0
50 188 405 209 463 0
50 228 491 256 568 0
51 572 273 586 302 0
51 973 318 991 362 0
51 1022 321 1039 369 0
51 837 351 857 406 0
51 188 405 209 463 0
51 227 492 254 570 0
52 572 273 585 302 0
52 973 318 991 362 0
52 1022 321 1039 369 0
52 841 350 858 406 0
52 188 406 209 464 0
52 225 494 252 570 0
53 572 273 585 302 0
53 973 319 991 362 0
53 844 351 859 406 0
53 189 407 209 465 0
53 222 494 249 571 0
54 572 273 586 302 0
54 973 319 990 362 0
54 844 352 858 401 0
54 189 407 210 467 0
54 220 495 246 575 0
55 572 273 586 302 0
55 973 319 990 362 0
55 190 407 211 468 0
55 215 496 239 576 0
56 573 274 586 303 0
56 973 318 991 363 0
56 191 407 212 469 0
56 214 497 238 579 0
57 573 274 586 303 0
57 973 318 991 362 0
57 191 408 213 470 0
57 212 499 237 581 0
58 574 275 587 303 0
58 971 318 990 362 0
58 856 347 871 390 0
58 192 409 214 472 0
58 210 502 236 583 0
59 574 275 587 303 0
59 969 318 989 362 0
59 1007 321 1024 370 0
59 858 348 874 390 0
59 192 411 215 474 0
59 205 504 234 585 0
60 575 274 588 304 0
60 967 318 989 362 0
60 1008 320 1025 369 0
60 860 348 877 391 0
60 193 412 216 474 0
60 201 507 233 587 0
61 575 274 589 304 0
61 966 319 987 362 0
61 1008 320 1025 367 0
61 860 349 879 395 0
61 194 412 216 474 0
61 197 508 230 589 0
62 576 274 590 304 0
62 964 319 985 362 0
62 1008 319 1025 367 0
62 1022 321 1040 369 0
62 862 348 880 397 0
62 195 410 217 473 0
62 196 509 227 591 0
63 576 274 590 304 0
63 752 301 767 340 0
63 962 318 982 362 0
63 1007 319 1025 367 0
63 1024 322 1042 369 0
63 866 348 881 396 0
63 195 409 217 474 0
63 550 443 573 508 0
63 193 508 223 592 0
64 576 275 590 305 0
64 743 300 758 338 0
64 751 300 766 339 0
64 960 317 980 362 0
64 1007 321 1024 367 0
64 1026 323 1044 370 0
64 196 410 217 475 0
64 543 445 568 509 0
64 189 509 219 595 0
65 577 274 591 306 0
65 744 302 758 340 0
65 750 299 765 339 0
65 958 318 978 362 0
65 1006 321 1024 367 0
65 1026 324 1045 371 0
65 197 412 218 476 0
65 542 444 569 508 0
65 187 510 217 595 0
66 577 274 591 307 0
66 742 303 757 341 0
66 955 317 977 361 0
66 1003 322 1022 368 0
66 1026 325 1044 371 0
66 197 413 219 475 0
66 541 443 568 506 0
66 185 520 216 601 0
67 952 316 973 362 0
67 1000 322 1020 368 0
67 1024 325 1042 372 0
67 197 413 221 476 0
67 539 443 566 505 0
67 178 519 208 601 0
68 948 316 968 363 0
68 997 321 1018 368 0
68 1023 325 1040 372 0
68 891 348 903 391 0
68 198 413 222 478 0
68 537 442 563 504 0
68 175 520 205 601 0
69 576 274 591 304 0
69 945 316 964 363 0
69 996 321 1015 368 0
69 1021 325 1038 373 0
69 892 347 906 391 0
69 199 415 224 481 0
69 534 440 561 503 0
69 169 521 202 603 0
70 577 275 591 304 0
70 943 317 962 364 0
70 994 321 1012 370 0
70 1019 326 1037 375 0
70 893 347 909 391 0
70 201 417 225 483 0
70 532 438 558 502 0
70 164 524 199 604 0
71 579 275 592 304 0
71 940 317 959 364 0
71 991 321 1009 371 0
71 1016 326 1035 376 0
71 895 347 912 390 0
71 203 418 226 483 0
71 531 436 555 501 0
71 161 527 195 606 0
72 579 276 591 305 0
72 938 319 957 365 0
72 989 322 1007 370 0
72 1013 327 1033 376 0
72 900 346 916 390 0
72 204 417 227 482 0
72 530 435 552 500 0
72 157 530 191 607 0
73 579 276 591 305 0
73 935 321 953 365 0
73 989 322 1007 369 0
73 1011 327 1030 375 0
73 904 345 920 389 0
73 206 418 228 482 0
73 528 435 550 499 0
73 154 532 185 608 0
74 578 276 591 305 0
74 932 322 949 364 0
74 991 324 1010 370 0
74 1009 328 1029 375 0
74 907 344 923 390 0
74 914 343 931 387 0
74 207 419 228 483 0
74 527 435 549 499 0
74 144 530 174 608 0
75 578 276 590 305 0
75 929 323 946 364 0
75 995 325 1014 372 0
75 1009 329 1028 377 0
75 908 345 925 389 0
75 209 421 229 485 0
75 524 434 547 497 0
75 140 531 171 610 0
76 578 277 589 305 0
76 926 324 943 367 0
76 998 326 1016 374 0
76 1012 327 1029 377 0
76 914 343 931 388 0
76 210 423 231 488 0
76 522 432 545 495 0
76 135 533 169 612 0
77 577 277 589 306 0
77 707 299 721 339 0
77 717 302 732 343 0
77 921 327 940 373 0
77 972 322 991 370 0
77 998 328 1016 376 0
77 916 341 934 388 0
77 211 423 232 489 0
77 521 430 544 494 0
77 131 535 166 611 0
78 576 276 588 306 0
78 667 289 684 333 0
78 710 302 725 342 0
78 970 325 990 371 0
78 996 328 1015 376 0
78 920 339 939 387 0
78 213 423 234 490 0
78 521 429 544 493 0
79 575 276 586 307 0
79 664 289 682 333 0
79 710 304 725 344 0
79 718 302 733 341 0
79 906 324 923 369 0
79 915 328 933 374 0
79 966 326 988 373 0
79 995 329 1013 376 0
79 925 339 944 387 0
79 214 423 236 490 0
79 520 428 543 493 0
80 573 276 585 307 0
80 661 288 678 334 0
80 708 305 723 344 0
80 864 313 878 358 0
80 914 326 931 372 0
80 963 327 984 374 0
80 992 331 1011 378 0
80 932 339 949 386 0
80 215 423 238 491 0
80 519 428 542 493 0
81 571 276 584 307 0
81 659 288 675 334 0
81 706 305 721 344 0
81 860 312 877 358 0
81 909 325 924 369 0
81 921 327 936 373 0
81 962 326 981 374 0
81 990 332 1009 380 0
81 938 339 954 385 0
81 517 423 542 489 0
81 216 425 239 496 0
82 570 277 582 307 0
82 657 287 672 333 0
82 704 306 720 344 0
82 854 310 874 359 0
82 907 326 923 370 0
82 929 330 944 374 0
82 961 326 979 371 0
82 987 333 1006 381 0
82 1039 320 1055 369 0
82 1055 319 1070 368 0
82 941 341 957 387 0
82 950 340 968 386 0
82 516 423 542 489 0
82 220 426 243 496 0
83 569 277 581 307 0
83 654 286 670 332 0
83 702 306 719 344 0
83 852 312 870 361 0
83 904 327 921 371 0
83 959 329 978 372 0
83 984 334 1003 381 0
83 1039 320 1056 368 0
83 1058 319 1074 369 0
83 940 345 957 389 0
83 948 341 967 386 0
83 516 423 542 487 0
83 222 426 245 496 0
84 568 278 580 307 0
84 652 287 668 333 0
84 700 306 716 344 0
84 901 325 916 369 0
84 957 330 976 374 0
84 980 334 1001 381 0
84 1037 320 1055 366 0
84 1061 320 1079 368 0
84 948 342 967 386 0
84 516 423 541 487 0
84 223 426 245 497 0
85 567 278 579 308 0
85 651 290 667 335 0
85 697 306 713 345 0
85 841 317 856 363 0
85 851 315 865 365 0
85 899 323 913 368 0
85 977 334 998 381 0
85 1035 321 1054 366 0
85 1061 321 1078 368 0
85 951 340 973 386 0
85 515 423 540 487 0
85 225 427 246 499 0
86 565 278 578 308 0
86 650 291 666 335 0
86 695 306 710 345 0
86 841 317 858 365 0
86 896 323 910 367 0
86 976 333 998 380 0
86 1033 321 1051 366 0
86 1058 321 1075 367 0
86 955 338 979 385 0
86 515 422 539 487 0
86 226 428 247 501 0
87 564 279 577 311 0
87 646 290 662 334 0
87 693 306 708 345 0
87 840 316 859 366 0
87 892 324 907 368 0
87 941 328 957 374 0
87 979 329 999 377 0
87 1031 321 1048 367 0
87 1056 320 1072 368 0
87 960 337 984 386 0
87 516 419 539 485 0
87 227 430 248 503 0
88 563 279 576 311 0
88 644 291 661 335 0
88 691 308 706 347 0
88 837 317 855 366 0
88 888 324 904 368 0
88 940 330 956 376 0
88 1029 320 1046 368 0
88 964 337 987 385 0
88 517 417 539 483 0
88 228 431 250 503 0
89 561 280 575 312 0
89 642 293 658 337 0
89 688 308 703 347 0
89 834 316 851 367 0
89 887 322 902 367 0
89 938 333 956 377 0
89 1026 320 1044 369 0
89 967 338 988 385 0
89 980 343 1000 389 0
89 517 415 539 483 0
89 228 431 251 504 0
90 560 280 573 312 0
90 640 297 654 339 0
90 686 305 701 345 0
90 830 317 849 367 0
90 888 319 901 366 0
90 938 334 956 377 0
90 1023 320 1042 369 0
90 1051 317 1068 369 0
90 965 339 985 384 0
90 978 341 998 387 0
90 518 415 540 483 0
90 229 432 253 504 0
91 558 281 571 312 0
91 637 298 651 339 0
91 671 300 686 339 0
91 683 306 699 345 0
91 678 310 692 347 0
91 827 317 848 367 0
91 936 334 953 378 0
91 1023 321 1041 368 0
91 1047 319 1064 369 0
91 961 339 979 384 0
91 979 339 998 386 0
91 519 415 541 482 0
91 231 433 255 505 0
92 556 281 569 313 0
92 634 299 648 339 0
92 683 305 699 344 0
92 824 319 845 367 0
92 934 334 950 378 0
92 1025 320 1042 367 0
92 1043 320 1060 369 0
92 955 338 972 383 0
92 983 339 1000 386 0
92 520 414 542 480 0
92 233 435 258 505 0
93 555 281 568 313 0
93 631 299 646 339 0
93 685 305 700 342 0
93 678 310 693 345 0
93 823 320 841 367 0
93 931 334 946 378 0
93 950 335 969 382 0
93 1027 320 1044 367 0
93 1045 321 1060 371 0
93 986 339 1005 385 0
93 521 413 542 478 0
93 236 437 260 506 0
94 553 282 566 314 0
94 628 299 643 339 0
94 676 310 691 346 0
94 821 320 836 368 0
94 948 335 967 382 0
94 1028 320 1045 368 0
94 990 340 1010 385 0
94 522 413 542 477 0
94 237 437 262 507 0
95 550 282 562 315 0
95 625 299 640 341 0
95 674 309 689 346 0
95 818 320 834 367 0
95 867 333 881 374 0
95 933 333 949 376 0
95 1027 320 1043 369 0
95 924 342 943 385 0
95 946 337 964 384 0
95 995 340 1016 386 0
95 523 412 542 477 0
95 239 438 263 510 0
96 549 281 561 317 0
96 554 285 567 319 0
96 623 299 638 342 0
96 673 308 686 347 0
96 814 321 832 367 0
96 864 334 879 375 0
96 935 334 951 376 0
96 1027 320 1044 370 0
96 929 342 947 385 0
96 945 338 963 384 0
96 1000 339 1021 387 0
96 523 411 541 476 0
96 240 439 265 511 0
97 547 281 560 318 0
97 622 299 637 341 0
97 670 308 684 347 0
97 810 323 827 368 0
97 861 334 877 376 0
97 1004 329 1026 383 0
97 1022 322 1041 372 0
97 930 340 948 384 0
97 947 340 965 385 0
97 523 409 542 474 0
97 242 440 267 511 0
98 629 270 642 304 0
98 545 282 558 319 0
98 613 298 627 336 0
98 620 299 635 339 0
98 667 308 683 347 0
98 809 322 826 367 0
98 816 321 832 365 0
98 857 333 875 376 0
98 1003 327 1024 379 0
98 1021 323 1039 374 0
98 909 343 923 386 0
98 933 338 951 383 0
98 523 407 542 473 0
98 243 442 269 511 0
99 542 283 557 318 0
99 613 300 628 339 0
99 619 297 634 337 0
99 664 308 681 347 0
99 805 322 823 367 0
99 854 332 872 376 0
99 1001 324 1020 376 0
99 1019 324 1037 377 0
99 909 340 924 384 0
99 928 338 946 383 0
99 524 407 544 473 0
99 246 442 272 511 0
100 541 284 555 319 0
100 613 301 627 342 0
100 661 302 677 346 0
100 802 322 821 368 0
100 851 331 869 377 0
100 924 335 944 379 0
100 998 323 1017 373 0
100 1021 325 1039 378 0
100 907 340 924 383 0
100 526 408 545 472 0
100 247 442 273 513 0
101 539 284 551 321 0
101 610 301 625 343 0
101 659 301 674 347 0
101 798 321 818 368 0
101 848 332 866 378 0
101 921 334 942 379 0
101 995 324 1014 374 0
101 1022 326 1040 380 0
101 905 341 923 383 0
101 528 408 546 471 0
101 250 442 278 514 0
102 607 302 622 344 0
102 658 307 672 349 0
102 796 320 814 369 0
102 847 333 864 380 0
102 919 334 939 379 0
102 993 326 1012 374 0
102 1020 327 1038 379 0
102 902 341 921 383 0
102 1029 338 1047 386 0
102 530 407 548 471 0
102 252 444 279 516 0
103 534 283 544 320 0
103 604 303 620 344 0
103 655 309 670 349 0
103 794 321 810 370 0
103 842 333 859 380 0
103 916 333 936 380 0
103 992 327 1009 374 0
103 1018 327 1035 378 0
103 900 340 917 383 0
103 1033 340 1050 386 0
103 532 406 549 470 0
103 254 446 281 518 0
104 531 283 543 319 0
104 602 304 618 343 0
104 644 313 659 349 0
104 652 311 667 348 0
104 790 323 806 370 0
104 840 332 857 380 0
104 854 330 870 377 0
104 914 333 934 380 0
104 993 326 1009 372 0
104 1015 327 1030 375 0
104 896 340 913 384 0
104 1037 342 1052 386 0
104 1046 341 1061 387 0
104 532 405 550 469 0
104 257 447 283 519 0
105 622 272 635 304 0
105 527 283 541 319 0
105 600 304 616 344 0
105 651 311 666 350 0
105 786 325 804 371 0
105 837 332 855 380 0
105 912 333 933 380 0
105 993 327 1010 372 0
105 1013 326 1029 375 0
105 893 340 910 385 0
105 1048 341 1065 385 0
105 533 406 550 467 0
105 259 447 285 520 0
106 525 283 539 319 0
106 598 304 613 344 0
106 646 311 660 347 0
106 652 312 666 351 0
106 783 324 802 371 0
106 834 333 853 380 0
106 910 332 932 381 0
106 992 327 1010 373 0
106 891 339 908 386 0
106 1049 342 1070 383 0
106 534 405 550 464 0
106 262 448 287 523 0
107 524 283 538 319 0
107 595 305 611 344 0
107 643 312 658 347 0
107 781 323 799 371 0
107 830 334 850 381 0
107 990 328 1009 374 0
107 897 337 913 387 0
107 910 334 931 387 0
107 1053 343 1075 383 0
107 536 404 550 462 0
107 263 449 287 525 0
108 521 284 537 319 0
108 591 306 609 344 0
108 641 313 656 348 0
108 777 321 794 371 0
108 825 335 846 381 0
108 973 328 991 374 0
108 903 336 919 387 0
108 911 335 929 387 0
108 1056 343 1077 384 0
108 265 451 289 527 0
109 518 284 536 319 0
109 588 305 606 344 0
109 638 313 654 348 0
109 774 323 792 370 0
109 786 325 803 369 0
109 821 335 841 381 0
109 974 329 991 375 0
109 991 330 1008 375 0
109 907 335 924 388 0
109 1060 341 1080 384 0
109 266 454 290 530 0
110 517 285 535 320 0
110 585 305 603 345 0
110 579 311 596 350 0
110 636 312 651 349 0
110 770 324 790 370 0
110 818 335 838 381 0
110 973 329 990 375 0
110 992 330 1008 375 0
110 1081 326 1099 372 0
110 906 335 923 387 0
110 1063 340 1084 384 0
110 268 451 292 527 0
111 513 286 531 320 0
111 584 308 601 348 0
111 633 312 649 349 0
111 767 324 786 370 0
111 804 333 822 375 0
111 815 334 834 381 0
111 970 330 989 377 0
111 991 330 1008 377 0
111 1070 331 1087 381 0
111 1078 328 1097 378 0
111 905 334 922 388 0
111 269 451 295 527 0
111 60 619 87 682 0
112 512 286 528 321 0
112 588 302 606 341 0
112 579 308 597 348 0
112 631 312 647 349 0
112 765 323 781 371 0
112 808 335 825 379 0
112 816 333 834 379 0
112 968 332 987 379 0
112 988 332 1005 378 0
112 1070 330 1086 379 0
112 1079 330 1097 379 0
112 868 346 882 388 0
112 904 336 920 388 0
112 271 454 297 532 0
112 59 619 89 686 0
113 509 286 525 321 0
113 578 308 597 348 0
113 628 312 645 350 0
113 762 323 777 371 0
113 806 335 824 381 0
113 820 331 835 375 0
113 967 333 985 379 0
113 986 332 1003 378 0
113 867 343 881 386 0
113 273 455 300 533 0
113 60 618 93 687 0
114 506 286 523 322 0
114 575 308 594 348 0
114 626 313 643 350 0
114 759 324 776 372 0
114 802 334 820 382 0
114 966 334 982 378 0
114 982 333 999 378 0
114 864 343 879 386 0
114 276 456 303 534 0
114 65 616 99 686 0
115 503 286 520 322 0
115 572 309 590 349 0
115 623 313 640 352 0
115 756 324 773 372 0
115 798 334 817 382 0
115 901 334 916 379 0
115 965 334 981 377 0
115 979 333 997 378 0
115 861 344 876 387 0
115 278 457 304 534 0
115 70 612 102 681 0
116 501 286 517 322 0
116 569 310 587 349 0
116 621 313 637 353 0
116 753 325 770 373 0
116 794 335 813 382 0
116 898 334 914 381 0
116 964 334 982 377 0
116 978 332 995 378 0
116 858 345 874 388 0
116 279 458 305 534 0
117 499 285 515 322 0
117 566 311 586 349 0
117 609 317 626 353 0
117 618 314 635 353 0
117 750 325 766 373 0
117 790 336 808 381 0
117 897 334 912 381 0
117 964 333 983 377 0
117 978 330 994 376 0
117 855 346 871 390 0
117 281 457 306 536 0
118 497 287 513 322 0
118 564 312 584 350 0
118 617 314 634 353 0
118 751 328 768 374 0
118 786 336 803 380 0
118 895 334 909 380 0
118 962 333 981 378 0
118 853 346 869 391 0
118 954 338 974 384 0
118 550 390 572 446 0
118 283 458 310 538 0
119 495 288 512 322 0
119 563 312 582 350 0
119 611 317 628 352 0
119 742 326 761 372 0
119 760 331 777 376 0
119 783 336 799 380 0
119 893 332 906 379 0
119 961 333 978 378 0
119 850 347 866 392 0
119 954 338 972 384 0
119 551 390 573 444 0
119 285 459 310 541 0
120 492 289 510 323 0
120 561 312 579 350 0
120 609 316 625 352 0
120 740 327 758 372 0
120 770 334 787 379 0
120 783 334 798 378 0
120 891 332 904 379 0
120 959 333 975 379 0
120 848 346 864 392 0
120 553 391 575 444 0
120 286 460 311 542 0
121 490 289 508 323 0
121 558 312 575 350 0
121 607 316 622 351 0
121 738 326 754 373 0
121 774 335 791 381 0
121 889 332 902 379 0
121 940 332 956 378 0
121 956 333 972 380 0
121 842 347 859 393 0
121 855 345 871 393 0
121 555 390 576 443 0
121 288 461 313 542 0
122 487 288 505 323 0
122 555 313 572 351 0
122 604 315 619 351 0
122 736 325 751 374 0
122 770 335 787 381 0
122 889 330 902 377 0
122 941 334 958 380 0
122 955 333 972 381 0
122 839 348 858 394 0
122 862 346 877 394 0
122 556 390 578 443 0
122 290 461 315 544 0
123 486 288 502 323 0
123 553 314 570 352 0
123 600 315 617 350 0
123 733 326 749 373 0
123 766 334 782 381 0
123 941 335 958 380 0
123 953 334 971 381 0
123 837 349 856 395 0
123 869 347 884 395 0
123 557 390 579 441 0
123 292 464 318 546 0
124 484 289 502 323 0
124 551 315 569 353 0
124 597 315 614 350 0
124 730 327 747 373 0
124 762 333 778 381 0
124 941 335 957 380 0
124 952 334 970 381 0
124 834 350 853 396 0
124 867 348 882 397 0
124 559 390 579 440 0
124 294 467 321 548 0
125 481 291 500 323 0
125 547 314 564 352 0
125 594 315 611 351 0
125 727 328 743 375 0
125 759 333 774 382 0
125 940 335 956 380 0
125 830 350 849 397 0
125 864 348 880 397 0
125 949 338 968 384 0
125 560 389 579 440 0
125 296 470 323 548 0
126 478 291 497 324 0
126 546 314 563 353 0
126 592 315 607 352 0
126 725 328 739 376 0
126 755 333 771 382 0
126 937 335 954 380 0
126 827 348 846 398 0
126 861 348 878 398 0
126 947 338 965 384 0
126 561 389 580 439 0
126 299 470 325 548 0
127 476 291 494 324 0
127 544 315 561 353 0
127 590 315 605 352 0
127 721 328 736 377 0
127 752 334 767 382 0
127 935 335 952 379 0
127 945 334 963 381 0
127 825 348 843 399 0
127 859 348 876 399 0
127 562 388 581 437 0
127 301 470 326 550 0
128 474 290 491 324 0
128 541 315 559 355 0
128 587 316 604 352 0
128 723 329 740 376 0
128 750 333 765 381 0
128 934 335 951 379 0
128 944 334 961 381 0
128 822 348 841 399 0
128 858 347 874 401 0
128 564 387 584 438 0
128 303 470 328 552 0
129 471 291 489 325 0
129 538 316 556 356 0
129 577 318 594 354 0
129 584 317 602 354 0
129 711 327 729 373 0
129 729 331 747 377 0
129 750 332 764 379 0
129 944 333 960 381 0
129 819 349 838 400 0
129 858 346 873 400 0
129 930 339 948 383 0
129 566 388 586 440 0
129 305 471 330 555 0
130 469 292 488 325 0
130 535 316 553 356 0
130 584 318 601 356 0
130 711 328 727 374 0
130 737 332 754 379 0
130 819 350 838 400 0
130 857 345 873 397 0
130 929 338 946 384 0
130 307 473 333 557 0
130 144 562 175 644 0
131 467 292 486 326 0
131 532 316 550 357 0
131 578 317 594 355 0
131 586 320 602 357 0
131 709 327 724 376 0
131 739 333 755 381 0
131 931 335 947 380 0
131 809 349 828 399 0
131 826 352 844 401 0
131 861 343 877 393 0
131 309 475 335 559 0
131 147 557 176 641 0
132 465 292 483 326 0
132 530 316 547 357 0
132 576 317 591 354 0
132 706 327 721 376 0
132 736 333 752 382 0
132 928 336 944 380 0
132 809 351 828 399 0
132 833 354 851 403 0
132 863 341 880 388 0
132 310 476 337 558 0
132 151 553 181 637 0
133 463 292 479 327 0
133 528 317 545 358 0
133 573 317 590 354 0
133 702 328 719 375 0
133 732 333 748 381 0
133 806 352 826 399 0
133 836 356 855 405 0
133 863 340 881 386 0
133 907 342 923 386 0
133 927 339 942 384 0
133 311 476 339 560 0
133 147 558 172 638 0
133 156 549 183 635 0
134 460 293 477 327 0
134 526 319 543 359 0
134 570 317 588 355 0
134 699 329 716 375 0
134 728 332 745 380 0
134 927 336 943 380 0
134 804 352 824 399 0
134 834 357 853 406 0
134 860 340 878 387 0
134 909 340 924 385 0
134 316 479 345 560 0
134 158 542 187 627 0
135 458 294 475 327 0
135 525 320 541 360 0
135 567 317 585 355 0
135 696 328 712 375 0
135 726 332 742 380 0
135 926 336 942 380 0
135 801 352 821 401 0
135 831 358 850 407 0
135 857 341 875 388 0
135 908 338 923 385 0
135 317 479 347 564 0
135 162 541 191 628 0
136 455 294 472 328 0
136 523 321 539 361 0
136 565 317 581 355 0
136 693 328 708 376 0
136 723 332 739 380 0
136 909 336 922 381 0
136 798 352 818 403 0
136 828 357 847 408 0
136 855 341 872 390 0
136 924 339 940 382 0
136 320 480 350 564 0
136 165 538 195 628 0
137 453 295 469 329 0
137 521 322 537 361 0
137 562 317 578 354 0
137 691 329 707 376 0
137 719 333 736 380 0
137 907 335 921 381 0
137 795 352 815 403 0
137 826 357 845 409 0
137 853 342 870 391 0
137 922 339 938 383 0
137 322 485 353 567 0
137 170 536 200 628 0
138 451 295 465 329 0
138 519 323 535 362 0
138 560 318 576 354 0
138 693 330 710 377 0
138 717 333 732 379 0
138 792 353 812 404 0
138 822 357 842 409 0
138 851 342 869 393 0
138 903 341 918 385 0
138 919 339 937 384 0
138 325 486 355 567 0
138 173 535 204 625 0
139 450 295 465 328 0
139 516 322 531 361 0
139 557 318 573 354 0
139 678 328 694 372 0
139 699 331 715 377 0
139 716 332 731 377 0
139 789 352 809 404 0
139 819 358 839 410 0
139 849 342 867 395 0
139 900 341 916 386 0
139 915 340 933 385 0
139 327 487 357 569 0
139 176 534 207 622 0
140 447 296 463 328 0
140 514 322 530 361 0
140 529 322 545 359 0
140 555 318 570 354 0
140 678 331 694 377 0
140 705 331 720 377 0
140 786 353 807 404 0
140 819 358 839 408 0
140 847 342 866 395 0
140 897 340 913 385 0
140 912 341 931 386 0
140 329 487 359 572 0
140 178 533 209 620 0
141 444 296 461 328 0
141 511 322 527 362 0
141 539 320 555 357 0
141 553 319 567 355 0
141 675 331 692 379 0
141 705 331 721 378 0
141 785 355 807 404 0
141 821 356 841 405 0
141 846 343 865 395 0
141 898 341 914 386 0
141 911 342 929 387 0
141 331 488 361 574 0
141 182 530 215 615 0
142 442 295 457 328 0
142 508 324 525 364 0
142 546 319 562 355 0
142 672 331 690 379 0
142 703 332 719 379 0
142 775 354 794 402 0
142 790 357 812 405 0
142 829 351 849 401 0
142 900 341 916 387 0
142 911 342 929 387 0
142 333 488 362 574 0
142 185 526 217 613 0
143 440 296 454 329 0
143 506 325 523 365 0
143 545 319 561 355 0
143 669 333 687 380 0
143 699 332 716 379 0
143 775 355 795 404 0
143 796 360 818 408 0
143 834 348 854 398 0
143 903 341 920 388 0
143 913 343 930 388 0
143 335 489 364 575 0
143 175 527 203 609 0
143 189 522 219 610 0
144 438 296 453 328 0
144 504 326 521 367 0
144 542 320 558 355 0
144 666 334 682 380 0
144 696 332 712 378 0
144 775 356 794 406 0
144 800 362 823 411 0
144 836 345 856 397 0
144 904 341 920 387 0
144 336 490 367 577 0
144 192 519 222 606 0
145 435 297 451 328 0
145 502 326 519 368 0
145 539 320 554 356 0
145 662 334 678 380 0
145 693 332 709 378 0
145 772 357 791 408 0
145 800 364 822 412 0
145 834 346 854 398 0
145 903 340 919 387 0
145 339 492 371 581 0
145 195 516 225 604 0
146 433 297 449 328 0
146 500 326 517 368 0
146 536 320 551 357 0
146 657 334 674 380 0
146 691 332 707 378 0
146 770 357 789 408 0
146 798 364 818 413 0
146 833 346 852 399 0
146 901 340 917 387 0
146 341 496 374 584 0
146 198 514 229 603 0
147 430 297 446 328 0
147 499 328 515 369 0
147 533 321 549 357 0
147 654 334 672 380 0
147 688 333 704 379 0
147 767 358 787 408 0
147 796 364 816 414 0
147 832 346 850 401 0
147 899 340 914 389 0
147 343 497 376 586 0
147 202 514 234 603 0
148 428 296 442 328 0
148 497 329 513 369 0
148 531 322 547 357 0
148 657 334 675 380 0
148 685 333 700 379 0
148 764 358 784 408 0
148 794 364 813 415 0
148 831 346 848 402 0
148 895 341 911 388 0
148 160 516 187 583 0
148 205 510 236 595 0
148 346 496 380 586 0
149 425 296 440 328 0
149 494 331 511 370 0
149 529 322 545 357 0
149 647 333 662 377 0
149 665 334 681 379 0
149 684 333 699 377 0
149 761 358 781 410 0
149 790 364 811 416 0
149 830 346 846 402 0
149 869 343 884 389 0
149 891 342 907 387 0
149 155 514 184 587 0
149 208 509 240 592 0
149 349 495 383 588 0
150 422 297 438 328 0
150 492 332 508 371 0
150 526 322 542 358 0
150 646 335 661 379 0
150 672 334 688 379 0
150 756 359 778 411 0
150 787 364 808 417 0
150 828 347 845 401 0
150 868 343 883 388 0
150 888 343 903 386 0
150 153 512 184 590 0
150 211 510 242 590 0
150 351 495 385 591 0
151 421 298 437 328 0
151 491 331 506 371 0
151 523 322 538 358 0
151 642 335 659 380 0
151 672 334 689 380 0
151 753 359 775 413 0
151 784 364 805 417 0
151 826 347 843 400 0
151 865 343 881 389 0
151 155 510 186 589 0
151 216 511 250 589 0
151 355 497 388 595 0
152 415 298 430 330 0
152 422 297 437 327 0
152 492 330 507 370 0
152 521 323 536 358 0
152 639 336 656 380 0
152 670 335 687 381 0
152 750 360 771 414 0
152 822 348 842 400 0
152 861 344 878 389 0
152 765 368 787 422 0
152 780 367 801 420 0
152 158 509 188 589 0
152 219 511 252 587 0
152 358 500 391 598 0
153 413 298 427 331 0
153 483 328 498 371 0
153 500 328 516 367 0
153 518 324 535 359 0
153 665 336 683 381 0
153 604 363 624 409 0
153 636 339 654 382 0
153 749 360 769 416 0
153 819 349 841 401 0
153 858 344 875 390 0
153 779 368 799 421 0
153 162 508 192 586 0
153 222 507 253 584 0
153 360 502 393 599 0
154 410 298 424 332 0
154 482 330 497 373 0
154 507 327 523 363 0
154 518 324 535 358 0
154 633 336 649 381 0
154 661 335 679 380 0
154 604 363 625 409 0
154 744 361 762 416 0
154 753 361 774 417 0
154 815 350 839 402 0
154 857 345 875 392 0
154 772 368 793 423 0
154 166 505 195 583 0
154 224 504 254 581 0
154 363 504 396 600 0
155 407 299 423 332 0
155 481 331 497 374 0
155 512 324 528 360 0
155 520 324 535 358 0
155 658 335 674 380 0
155 605 363 625 408 0
155 628 338 644 383 0
155 743 362 762 418 0
155 758 362 780 419 0
155 813 350 836 403 0
155 858 345 875 394 0
155 769 368 791 423 0
155 170 502 198 581 0
155 227 499 255 578 0
155 364 504 399 602 0
156 405 300 422 333 0
156 480 332 495 375 0
156 510 323 525 360 0
156 656 335 671 379 0
156 607 363 627 408 0
156 624 339 640 384 0
156 741 363 760 418 0
156 812 350 833 404 0
156 858 345 875 395 0
156 765 367 788 422 0
156 174 500 200 580 0
156 229 496 257 575 0
156 368 505 403 605 0
157 573 273 587 298 0
157 403 300 419 332 0
157 477 332 493 376 0
157 507 323 523 360 0
157 630 335 646 381 0
157 653 334 669 380 0
157 609 358 630 407 0
157 620 339 637 387 0
157 738 362 758 419 0
157 813 349 832 403 0
157 857 345 873 395 0
157 763 368 785 423 0
157 177 500 203 579 0
157 231 493 259 574 0
157 373 512 407 608 0
158 572 272 586 297 0
158 401 300 415 334 0
158 474 333 491 376 0
158 504 325 521 361 0
158 636 335 652 380 0
158 651 334 667 379 0
158 611 355 631 406 0
158 620 340 637 389 0
158 737 362 755 420 0
158 807 350 828 405 0
158 823 348 842 401 0
158 856 346 873 396 0
158 759 369 781 424 0
158 178 500 206 577 0
158 233 492 261 573 0
158 376 512 407 609 0
159 571 271 585 297 0
159 398 300 411 335 0
159 471 333 489 376 0
159 501 325 518 361 0
159 642 333 657 380 0
159 651 332 666 377 0
159 612 351 631 405 0
159 624 339 641 391 0
159 805 350 826 407 0
159 833 346 851 399 0
159 857 347 875 397 0
159 737 365 756 422 0
159 755 370 777 426 0
159 185 497 214 573 0
159 235 491 265 572 0
159 380 516 411 609 0
160 571 271 584 297 0
160 396 301 409 335 0
160 469 333 487 376 0
160 498 324 514 361 0
160 642 332 658 379 0
160 612 351 630 404 0
160 802 351 823 407 0
160 841 346 859 398 0
160 858 347 876 397 0
160 733 366 753 422 0
160 752 371 773 427 0
160 186 496 216 572 0
160 237 491 267 570 0
160 383 515 413 610 0
161 570 271 583 297 0
161 394 300 407 332 0
161 468 332 485 376 0
161 495 324 511 361 0
161 639 333 656 380 0
161 610 348 630 400 0
161 623 343 641 392 0
161 800 351 820 406 0
161 839 347 857 398 0
161 858 347 875 395 0
161 728 366 749 422 0
161 749 372 771 428 0
161 189 494 218 569 0
161 239 490 269 568 0
161 386 515 416 614 0
162 569 271 582 297 0
162 465 333 482 376 0
162 493 325 509 361 0
162 635 334 653 379 0
162 607 347 629 395 0
162 618 348 637 395 0
162 798 351 819 407 0
162 837 348 855 398 0
162 857 347 873 395 0
162 727 367 747 423 0
162 747 372 769 429 0
162 192 492 220 568 0
162 241 489 270 568 0
162 390 516 419 617 0
163 568 271 581 297 0
163 463 334 479 377 0
163 490 326 507 362 0
163 630 334 650 381 0
163 604 343 624 390 0
163 617 350 637 398 0
163 795 351 818 408 0
163 835 349 853 399 0
163 855 348 871 396 0
163 726 368 746 426 0
163 746 371 768 429 0
163 195 491 223 567 0
163 244 488 272 566 0
163 394 518 422 619 0
164 567 271 580 297 0
164 463 334 480 376 0
164 487 326 504 362 0
164 625 333 645 382 0
164 599 341 618 388 0
164 618 347 638 398 0
164 792 352 816 409 0
164 832 349 850 401 0
164 852 349 868 398 0
164 726 369 745 428 0
164 747 370 770 429 0
164 245 483 273 561 0
164 199 489 226 565 0
164 397 522 426 619 0
165 566 271 579 296 0
165 466 332 482 373 0
165 486 324 502 361 0
165 458 340 476 382 0
165 594 340 612 387 0
165 618 345 639 399 0
165 789 352 814 410 0
165 830 349 848 401 0
165 850 350 866 399 0
165 724 370 743 429 0
165 246 481 274 560 0
165 203 489 230 562 0
165 398 523 429 621 0
166 565 270 578 296 0
166 486 322 501 360 0
166 456 339 473 383 0
166 591 341 608 388 0
166 618 343 639 399 0
166 786 353 809 411 0
166 830 349 847 401 0
166 848 349 863 400 0
166 712 368 729 425 0
166 723 372 744 430 0
166 207 485 231 557 0
166 251 479 278 555 0
166 400 525 432 626 0
167 564 270 577 295 0
167 470 329 486 370 0
167 454 339 471 383 0
167 580 343 595 388 0
167 588 341 604 387 0
167 620 344 639 398 0
167 783 354 806 412 0
167 831 348 847 400 0
167 847 347 862 398 0
167 710 370 729 425 0
167 724 375 746 433 0
167 209 484 233 557 0
167 252 477 279 554 0
167 403 527 436 632 0
168 564 269 577 294 0
168 471 328 486 367 0
168 604 335 619 378 0
168 453 340 469 383 0
168 581 342 596 387 0
168 591 340 606 386 0
168 622 345 641 397 0
168 781 355 803 413 0
168 831 348 848 400 0
168 848 346 862 397 0
168 707 373 729 427 0
168 724 377 747 435 0
168 211 482 235 557 0
168 254 477 281 553 0
168 406 530 439 636 0
169 563 268 576 294 0
169 471 327 486 365 0
169 607 334 621 378 0
169 452 342 469 382 0
169 581 342 595 386 0
169 595 340 611 385 0
169 624 347 642 398 0
169 779 357 802 412 0
169 829 349 847 401 0
169 705 375 727 428 0
169 721 378 745 436 0
169 213 480 238 556 0
169 227 478 253 551 0
169 256 478 283 554 0
169 412 534 446 635 0
170 562 268 575 293 0
170 469 326 484 364 0
170 603 334 619 378 0
170 449 341 465 383 0
170 578 343 593 386 0
170 625 349 643 399 0
170 779 358 801 412 0
170 827 350 846 402 0
170 703 375 725 429 0
170 717 378 741 436 0
170 215 477 240 554 0
170 258 478 284 553 0
170 415 532 448 637 0
171 561 268 574 293 0
171 467 326 481 365 0
171 601 334 618 378 0
171 447 341 463 384 0
171 575 343 591 386 0
171 627 349 644 398 0
171 774 357 795 413 0
171 789 356 810 409 0
171 826 351 845 404 0
171 701 375 723 430 0
171 714 379 737 436 0
171 219 476 245 551 0
171 261 476 286 551 0
171 418 532 451 638 0
172 560 268 574 293 0
172 465 326 479 365 0
172 597 334 617 380 0
172 445 342 460 385 0
172 570 341 586 386 0
172 628 348 645 397 0
172 772 359 794 413 0
172 799 354 820 407 0
172 827 351 846 404 0
172 701 376 723 434 0
172 712 380 735 438 0
172 222 474 247 549 0
172 263 475 288 548 0
172 422 533 454 640 0
173 559 268 573 293 0
173 462 327 477 364 0
173 594 335 614 381 0
173 442 343 459 386 0
173 566 341 582 387 0
173 629 347 647 396 0
173 768 360 792 414 0
173 807 352 828 405 0
173 827 352 846 404 0
173 700 378 725 437 0
173 712 380 736 438 0
173 225 474 250 547 0
173 265 475 290 546 0
173 425 541 458 645 0
174 559 269 573 293 0
174 459 327 475 365 0
174 591 335 609 382 0
174 441 345 457 387 0
174 561 342 578 387 0
174 631 347 648 395 0
174 764 361 791 415 0
174 805 353 825 407 0
174 828 351 846 405 0
174 699 379 725 439 0
174 714 378 738 437 0
174 228 474 254 545 0
174 267 474 292 543 0
174 428 542 460 648 0
175 559 269 573 293 0
175 457 327 472 366 0
175 588 335 605 382 0
175 440 343 457 386 0
175 558 342 575 386 0
175 633 346 649 394 0
175 762 361 788 416 0
175 802 354 821 408 0
175 826 353 844 407 0
175 696 379 721 440 0
175 231 472 257 543 0
175 269 472 294 542 0
175 431 542 464 649 0
176 559 269 572 293 0
176 457 324 471 364 0
176 586 335 603 382 0
176 441 342 456 386 0
176 556 342 572 386 0
176 635 345 651 393 0
176 759 360 784 417 0
176 799 355 819 409 0
176 824 354 843 408 0
176 692 379 717 440 0
176 234 471 259 541 0
176 272 471 297 540 0
176 434 544 468 651 0
177 558 268 572 293 0
177 447 332 460 374 0
177 574 336 589 378 0
177 588 335 604 379 0
177 440 341 455 386 0
177 548 344 562 389 0
177 561 341 577 385 0
177 637 343 653 392 0
177 756 360 780 417 0
177 796 356 816 409 0
177 821 355 840 408 0
177 688 381 714 442 0
177 236 469 260 539 0
177 274 470 298 538 0
177 437 545 472 653 0
178 557 268 571 293 0
178 348 312 361 346 0
178 445 332 458 373 0
178 576 337 591 378 0
178 591 334 606 375 0
178 548 343 562 387 0
178 568 340 583 384 0
178 638 342 655 390 0
178 753 360 776 418 0
178 793 355 813 408 0
178 819 355 838 407 0
178 685 383 712 444 0
178 239 469 262 538 0
178 276 470 300 537 0
178 445 553 482 657 0
179 557 267 570 292 0
179 346 313 358 347 0
179 443 333 456 374 0
179 435 340 451 385 0
179 546 343 561 386 0
179 573 339 589 383 0
179 639 341 658 389 0
179 750 361 773 418 0
179 790 355 810 408 0
179 816 354 835 407 0
179 682 384 709 445 0
179 241 468 264 538 0
179 278 468 302 536 0
179 446 555 485 658 0
180 557 267 570 291 0
180 345 313 357 347 0
180 440 332 453 373 0
180 544 343 558 386 0
180 572 339 588 382 0
180 641 342 660 388 0
180 748 362 770 419 0
180 789 355 812 408 0
180 814 355 833 409 0
180 679 384 705 444 0
180 243 468 267 535 0
180 279 465 304 535 0
180 451 556 488 657 0
181 557 267 570 291 0
181 568 339 584 381 0
181 643 342 662 388 0
181 792 356 814 409 0
181 812 356 831 410 0
181 673 384 699 442 0
181 747 365 768 423 0
181 245 467 270 533 0
181 284 462 310 533 0
181 457 557 491 658 0
182 557 267 570 291 0
182 563 340 580 381 0
182 645 340 662 388 0
182 754 361 775 418 0
182 793 357 815 410 0
182 812 358 831 409 0
182 672 386 697 446 0
182 742 365 762 425 0
182 247 466 272 531 0
182 265 462 291 532 0
182 285 461 311 531 0
182 463 556 494 661 0
183 557 267 570 291 0
183 530 346 545 390 0
183 559 340 576 382 0
183 647 339 662 387 0
183 764 358 784 416 0
183 794 357 814 410 0
183 813 357 832 407 0
183 671 388 696 449 0
183 741 364 761 424 0
183 755 365 775 425 0
183 248 464 273 531 0
183 287 460 313 530 0
183 468 556 499 665 0
184 557 267 570 291 0
184 526 347 540 390 0
184 556 339 572 382 0
184 650 342 664 386 0
184 772 357 792 415 0
184 795 357 813 411 0
184 668 389 693 449 0
184 738 365 759 424 0
184 252 460 278 531 0
184 290 461 315 529 0
184 472 557 502 668 0
184 486 592 514 669 0
185 557 267 569 291 0
185 329 313 341 349 0
185 523 348 538 390 0
185 554 339 569 382 0
185 651 342 664 385 0
185 774 357 793 415 0
185 796 357 814 412 0
185 665 390 689 450 0
185 735 365 757 424 0
185 292 453 317 524 0
185 254 458 279 529 0
185 480 566 512 664 0
186 556 267 569 291 0
186 325 313 338 347 0
186 544 337 558 377 0
186 516 349 531 393 0
186 528 346 543 388 0
186 553 341 567 382 0
186 652 343 665 384 0
186 772 358 792 416 0
186 796 358 814 413 0
186 662 391 684 450 0
186 732 365 753 425 0
186 293 451 319 523 0
186 256 457 282 527 0
186 481 563 515 669 0
187 555 267 568 291 0
187 323 313 337 347 0
187 543 338 558 377 0
187 559 332 571 369 0
187 515 349 531 393 0
187 535 344 549 385 0
187 555 345 569 383 0
187 653 342 666 382 0
187 770 359 790 416 0
187 793 358 811 413 0
187 660 392 680 451 0
187 729 365 749 427 0
187 256 453 282 524 0
187 294 448 322 520 0
187 486 564 520 669 0
188 554 267 567 291 0
188 320 313 332 347 0
188 512 351 529 393 0
188 539 342 554 382 0
188 653 341 666 382 0
188 767 358 786 415 0
188 790 359 808 414 0
188 656 393 677 451 0
188 725 366 745 430 0
188 258 454 283 523 0
188 296 448 324 517 0
188 491 574 528 676 0
189 554 266 566 291 0
189 317 314 330 347 0
189 326 315 338 350 0
189 509 351 525 394 0
189 537 341 552 383 0
189 653 339 667 382 0
189 763 358 782 415 0
189 787 359 805 415 0
189 652 393 673 452 0
189 720 367 741 431 0
189 261 453 285 522 0
189 299 448 327 517 0
189 496 571 536 681 0
190 553 266 566 292 0
190 315 314 328 348 0
190 505 351 521 395 0
190 533 341 548 384 0
190 654 339 668 383 0
190 760 359 779 416 0
190 784 361 802 417 0
190 650 391 669 449 0
190 717 368 739 432 0
190 264 451 289 521 0
190 302 449 329 517 0
190 499 572 542 682 0
191 553 266 565 291 0
191 312 314 327 348 0
191 654 336 669 381 0
191 501 351 516 395 0
191 530 342 545 385 0
191 759 359 780 417 0
191 780 361 799 418 0
191 643 392 664 450 0
191 715 369 736 431 0
191 267 449 292 519 0
191 304 447 331 516 0
191 508 581 547 681 0
192 553 266 565 291 0
192 309 315 324 349 0
192 656 335 671 380 0
192 497 352 512 396 0
192 527 343 542 385 0
192 760 359 781 417 0
192 779 361 798 418 0
192 641 392 662 452 0
192 713 370 735 431 0
192 270 447 295 517 0
192 307 447 334 514 0
192 511 577 551 684 0
193 553 266 565 291 0
193 306 316 320 350 0
193 656 334 672 381 0
193 493 353 509 396 0
193 524 344 538 386 0
193 759 359 779 418 0
193 780 361 798 416 0
193 637 392 660 454 0
193 709 372 730 432 0
193 272 447 296 515 0
193 310 447 337 513 0
193 514 576 560 692 0
194 553 266 565 292 0
194 303 316 316 352 0
194 657 334 674 380 0
194 496 351 511 394 0
194 522 343 535 386 0
194 756 360 775 419 0
194 633 393 657 454 0
194 706 372 729 432 0
194 725 367 746 429 0
194 764 364 784 425 0
194 274 447 298 514 0
194 313 448 338 513 0
194 521 577 568 696 0
195 553 266 564 291 0
195 299 316 313 353 0
195 657 334 674 380 0
195 503 348 517 391 0
195 521 343 534 386 0
195 742 359 761 420 0
195 702 372 727 433 0
195 762 364 782 425 0
195 628 396 654 457 0
195 276 447 301 513 0
195 314 445 338 511 0
195 526 580 575 701 0
196 553 266 564 291 0
196 657 333 674 379 0
196 482 353 497 398 0
196 509 345 524 387 0
196 521 345 536 386 0
196 742 361 761 420 0
196 698 373 724 434 0
196 761 364 781 424 0
196 624 397 651 456 0
196 279 444 304 512 0
196 305 442 329 509 0
196 318 441 342 505 0
196 537 584 586 702 0
197 553 267 564 291 0
197 657 332 675 378 0
197 478 354 495 398 0
197 511 345 526 386 0
197 696 374 720 435 0
197 740 364 759 426 0
197 760 365 779 425 0
197 620 398 648 457 0
197 282 442 306 510 0
197 294 440 319 508 0
197 320 437 343 502 0
197 540 584 588 700 0
198 552 267 564 291 0
198 658 330 675 376 0
198 475 355 492 399 0
198 508 346 523 387 0
198 693 375 716 435 0
198 738 365 756 425 0
198 757 366 776 425 0
198 619 399 644 456 0
198 285 440 310 507 0
198 323 436 346 500 0
198 547 584 587 695 0
199 551 264 562 290 0
199 659 329 676 376 0
199 472 354 489 399 0
199 504 345 519 388 0
199 691 374 713 435 0
199 735 366 752 425 0
199 754 368 773 426 0
199 617 398 641 458 0
199 286 440 310 507 0
199 325 435 348 499 0
199 551 589 599 704 0
200 551 264 562 289 0
200 661 330 677 375 0
200 468 354 485 399 0
200 499 345 514 388 0
200 687 375 709 435 0
200 731 366 750 424 0
200 752 368 771 427 0
200 615 399 638 459 0
200 288 441 311 506 0
200 327 435 350 499 0
200 557 593 606 706 0
201 551 264 562 289 0
201 663 330 678 375 0
201 465 356 483 398 0
201 495 345 510 389 0
201 685 376 706 435 0
201 730 368 749 424 0
201 750 369 768 428 0
201 611 401 631 464 0
201 291 442 314 505 0
201 329 435 353 499 0
201 561 594 611 704 0
202 551 264 562 289 0
202 664 330 679 375 0
202 461 356 479 399 0
202 491 345 507 388 0
202 683 377 703 435 0
202 730 369 750 425 0
202 748 370 766 429 0
202 610 402 629 463 0
202 294 441 317 504 0
202 332 434 356 498 0
202 572 596 620 706 0
203 550 264 562 289 0
203 665 329 680 374 0
203 463 354 480 398 0
203 488 345 503 389 0
203 682 378 700 437 0
203 732 371 751 426 0
203 747 371 765 430 0
203 297 439 321 502 0
203 335 433 358 497 0
203 581 595 619 708 0
204 550 264 562 289 0
204 666 328 681 372 0
204 448 356 464 399 0
204 467 350 483 395 0
204 487 343 502 388 0
204 679 377 696 437 0
204 688 376 707 436 0
204 732 371 750 427 0
204 300 439 325 502 0
204 337 432 360 497 0
204 589 595 624 710 0
205 550 264 562 290 0
205 667 327 682 371 0
205 449 357 465 400 0
205 472 346 488 391 0
205 488 344 503 389 0
205 676 378 694 438 0
205 698 373 716 432 0
205 731 371 749 429 0
205 302 438 328 500 0
205 338 431 362 497 0
205 597 598 635 719 0
206 550 264 561 290 0
206 668 327 683 370 0
206 447 357 464 399 0
206 474 346 490 389 0
206 671 379 692 438 0
206 707 372 725 430 0
206 729 371 748 430 0
206 305 436 329 499 0
206 341 430 364 495 0
206 601 604 638 719 0
207 549 264 561 290 0
207 669 326 684 368 0
207 444 357 461 397 0
207 474 346 490 389 0
207 668 379 689 439 0
207 708 372 726 429 0
207 729 371 747 431 0
207 308 434 331 496 0
207 343 429 367 493 0
207 610 606 648 719 0
208 549 263 561 289 0
208 670 325 685 367 0
208 441 355 458 397 0
208 471 347 487 389 0
208 666 379 686 441 0
208 705 373 723 430 0
208 727 372 746 433 0
208 346 426 367 487 0
208 311 433 333 494 0
208 617 606 654 719 0
209 548 263 560 289 0
209 358 335 374 372 0
209 672 323 686 367 0
209 467 347 483 389 0
209 663 380 682 442 0
209 702 373 719 431 0
209 725 374 743 434 0
209 348 426 368 486 0
209 313 431 335 492 0
209 622 609 662 719 0
210 548 262 559 289 0
210 356 335 371 372 0
210 673 322 687 367 0
210 357 362 374 406 0
210 463 347 478 390 0
210 660 380 678 442 0
210 698 372 716 431 0
210 721 376 740 436 0
210 315 431 337 492 0
210 332 430 353 490 0
210 352 431 373 488 0
210 624 613 674 719 0
211 547 262 559 289 0
211 348 332 361 370 0
211 356 335 370 372 0
211 673 323 688 367 0
211 356 365 372 411 0
211 459 346 475 390 0
211 656 382 676 442 0
211 694 374 713 432 0
211 718 377 737 437 0
211 316 427 335 484 0
211 338 426 357 485 0
211 323 430 344 491 0
211 354 431 375 488 0
211 625 617 680 718 0
212 547 262 559 289 0
212 350 334 364 373 0
212 357 333 371 369 0
212 674 323 688 366 0
212 355 366 370 413 0
212 456 347 472 391 0
212 653 384 674 442 0
212 694 375 713 432 0
212 716 378 735 437 0
212 322 429 343 490 0
212 356 431 377 488 0
212 638 621 687 719 0
213 348 334 363 373 0
213 676 323 690 366 0
213 446 349 462 392 0
213 454 348 470 392 0
213 356 372 369 417 0
213 651 384 671 442 0
213 698 377 717 434 0
213 714 378 733 438 0
213 357 425 377 483 0
213 325 428 346 490 0
213 647 622 692 719 0
214 345 334 360 372 0
214 677 322 691 365 0
214 447 348 463 391 0
214 455 349 470 392 0
214 352 373 366 418 0
214 645 383 663 444 0
214 658 381 677 440 0
214 701 378 719 434 0
214 713 378 732 439 0
214 328 425 348 485 0
214 359 424 380 483 0
214 657 621 701 719 0
215 343 333 357 372 0
215 679 321 692 366 0
215 444 347 459 391 0
215 350 372 365 417 0
215 643 385 663 446 0
215 667 377 685 436 0
215 702 380 722 437 0
215 714 377 733 438 0
215 329 425 349 485 0
215 361 422 381 482 0
216 342 331 354 371 0
216 680 321 693 366 0
216 441 347 456 391 0
216 348 372 364 416 0
216 639 386 661 448 0
216 675 375 693 433 0
216 701 382 722 438 0
216 331 425 351 485 0
216 362 423 383 481 0
217 680 321 693 365 0
217 439 348 452 391 0
217 345 371 360 416 0
217 636 387 658 448 0
217 674 376 692 434 0
217 700 384 721 440 0
217 333 425 354 484 0
217 364 422 386 478 0
218 680 321 694 364 0
218 437 350 449 392 0
218 343 372 357 416 0
218 633 387 654 449 0
218 671 377 689 435 0
218 698 384 717 440 0
218 335 423 356 483 0
218 367 421 388 477 0
219 547 262 559 288 0
219 680 319 694 363 0
219 339 372 354 417 0
219 630 387 649 450 0
219 668 378 685 436 0
219 694 384 713 442 0
219 336 421 358 481 0
219 369 419 391 477 0
220 547 262 559 287 0
220 683 318 697 364 0
220 336 374 351 418 0
220 626 388 644 450 0
220 665 379 681 437 0
220 691 385 709 443 0
220 338 419 360 480 0
220 371 419 392 476 0
221 547 262 559 288 0
221 329 336 339 374 0
221 683 318 698 365 0
221 330 350 342 388 0
221 334 376 350 424 0
221 623 390 641 450 0
221 662 381 678 437 0
221 687 385 706 444 0
221 339 418 363 479 0
221 372 418 394 475 0
222 319 336 331 371 0
222 325 339 336 375 0
222 683 319 697 364 0
222 333 379 349 427 0
222 620 392 637 450 0
222 658 382 677 438 0
222 684 386 703 443 0
222 342 418 366 478 0
222 373 416 395 474 0
223 548 263 560 288 0
223 326 337 337 373 0
223 684 319 698 363 0
223 319 344 333 380 0
223 331 380 348 428 0
223 610 391 628 449 0
223 624 392 643 449 0
223 657 384 677 438 0
223 683 385 700 442 0
223 344 417 368 476 0
223 374 413 396 472 0
224 549 263 561 288 0
224 685 318 698 362 0
224 319 344 332 379 0
224 325 357 338 395 0
224 328 379 345 425 0
224 611 392 628 452 0
224 633 389 651 447 0
224 660 385 679 439 0
224 683 383 699 439 0
224 347 417 370 474 0
224 369 412 391 470 0
225 549 262 562 287 0
225 685 317 699 362 0
225 317 343 330 380 0
225 325 378 341 424 0
225 609 394 627 453 0
225 641 386 659 444 0
225 663 385 681 441 0
225 348 418 370 474 0
225 361 413 384 471 0
225 529 420 552 482 0
226 550 262 562 286 0
226 314 340 327 375 0
226 686 315 700 362 0
226 322 378 339 425 0
226 642 385 661 444 0
226 664 385 682 443 0
226 354 414 377 473 0
226 527 419 551 481 0
226 605 396 624 459 0
227 550 262 562 285 0
227 312 340 325 374 0
227 687 314 701 361 0
227 367 364 380 404 0
227 318 377 333 426 0
227 324 380 340 427 0
227 638 385 658 443 0
227 661 386 680 445 0
227 353 414 374 473 0
227 525 418 549 481 0
227 601 397 621 459 0
228 553 263 564 287 0
228 309 340 324 373 0
228 688 314 703 361 0
228 363 365 377 406 0
228 315 377 331 426 0
228 329 383 344 428 0
228 636 385 656 443 0
228 659 388 679 446 0
228 354 413 375 472 0
228 524 418 546 481 0
228 596 396 616 460 0
229 553 263 564 287 0
229 308 339 321 373 0
229 689 314 704 360 0
229 360 366 375 407 0
229 312 378 329 426 0
229 633 387 652 443 0
229 655 388 676 445 0
229 356 412 376 470 0
229 523 418 543 482 0
229 592 396 611 461 0
230 553 263 564 287 0
230 305 336 318 372 0
230 689 315 705 360 0
230 306 353 320 390 0
230 350 364 363 403 0
230 357 366 372 407 0
230 308 379 326 426 0
230 631 388 649 443 0
230 653 389 673 445 0
230 358 412 377 468 0
230 520 418 542 483 0
230 588 396 606 461 0
231 553 263 564 287 0
231 690 315 706 359 0
231 350 364 364 406 0
231 356 365 370 406 0
231 304 380 323 428 0
231 630 388 647 444 0
231 650 390 669 447 0
231 360 411 377 466 0
231 517 419 541 484 0
232 553 263 564 287 0
232 691 315 707 359 0
232 348 365 364 408 0
232 358 364 372 406 0
232 301 380 320 429 0
232 629 388 648 444 0
232 649 389 666 447 0
232 360 410 378 464 0
232 517 420 541 484 0
233 553 263 565 287 0
233 693 314 709 357 0
233 344 366 361 409 0
233 298 380 317 431 0
233 629 389 648 444 0
233 651 388 666 445 0
233 361 410 380 464 0
233 510 417 530 479 0
233 518 422 541 485 0
233 576 403 592 461 0
234 553 263 565 287 0
234 695 313 710 356 0
234 342 366 357 407 0
234 296 380 316 432 0
234 610 390 626 448 0
234 628 390 648 444 0
234 361 409 383 463 0
234 506 418 527 479 0
234 519 423 542 485 0
234 576 403 593 463 0
235 553 263 565 287 0
235 696 313 711 356 0
235 340 363 354 405 0
235 611 390 629 447 0
235 628 391 648 446 0
235 362 408 386 462 0
235 503 419 524 479 0
235 519 424 542 487 0
235 573 403 591 467 0
236 553 262 565 286 0
236 696 313 712 356 0
236 336 361 351 405 0
236 611 391 629 446 0
236 628 391 647 447 0
236 364 408 388 462 0
236 498 420 520 479 0
236 519 425 542 487 0
236 570 406 589 469 0
237 553 261 565 285 0
237 697 313 713 355 0
237 332 362 350 407 0
237 363 359 377 403 0
237 609 391 628 445 0
237 626 392 646 449 0
237 366 409 390 461 0
237 494 420 515 480 0
237 566 408 586 469 0
237 519 428 540 490 0
238 553 260 565 284 0
238 697 313 715 355 0
238 327 364 346 409 0
238 357 357 374 399 0
238 607 392 627 446 0
238 622 393 642 450 0
238 369 408 393 460 0
238 491 420 511 480 0
238 562 409 582 468 0
238 519 428 541 490 0
239 553 260 565 283 0
239 171 327 186 364 0
239 698 312 716 354 0
239 316 363 332 407 0
239 332 363 350 407 0
239 354 356 371 398 0
239 606 394 625 447 0
239 619 394 639 449 0
239 371 408 395 459 0
239 487 420 509 481 0
239 557 411 578 469 0
239 519 428 541 492 0
239 892 692 960 717 0
240 553 260 565 284 0
240 169 326 182 363 0
240 699 311 717 354 0
240 318 364 334 408 0
240 339 361 356 404 0
240 354 356 370 398 0
240 603 395 622 448 0
240 619 393 637 445 0
240 484 421 507 482 0
240 553 412 574 472 0
240 520 429 543 493 0
240 891 689 967 719 0
241 553 260 565 283 0
241 166 327 180 362 0
241 699 311 717 354 0
241 316 365 333 409 0
241 347 359 362 401 0
241 355 356 370 398 0
241 483 422 507 481 0
241 550 413 573 473 0
241 520 430 544 492 0
242 553 260 565 283 0
242 164 328 178 361 0
242 700 311 718 354 0
242 313 365 331 408 0
242 347 357 362 400 0
242 477 423 498 483 0
242 486 421 509 479 0
242 530 424 555 486 0
242 520 431 546 493 0
243 550 258 561 281 0
243 554 259 565 283 0
243 162 328 177 361 0
243 702 310 719 354 0
243 310 366 327 408 0
243 343 355 357 399 0
243 473 424 495 484 0
243 535 422 559 483 0
243 519 433 545 495 0
244 549 258 560 281 0
244 161 327 175 361 0
244 703 310 720 353 0
244 306 366 323 409 0
244 339 352 352 397 0
244 469 424 492 484 0
244 538 419 560 479 0
244 518 434 543 497 0
245 160 324 173 361 0
245 704 309 721 353 0
245 303 363 319 406 0
245 465 425 489 485 0
245 537 417 558 476 0
245 517 436 542 499 0
246 704 309 721 353 0
246 331 351 343 398 0
246 260 393 281 444 0
246 461 425 485 486 0
246 536 416 556 476 0
246 516 436 540 500 0
247 705 309 722 353 0
247 328 352 341 399 0
247 257 392 277 444 0
247 457 423 481 486 0
247 533 416 553 478 0
247 573 400 596 458 0
247 516 436 539 500 0
248 152 326 166 364 0
248 706 309 722 353 0
248 312 357 328 402 0
248 324 353 339 399 0
248 256 391 276 441 0
248 453 423 476 487 0
248 530 417 550 482 0
248 570 401 593 458 0
248 445 440 462 488 0
248 516 434 540 503 0
249 149 325 162 363 0
249 706 308 723 351 0
249 317 355 333 400 0
249 255 391 275 439 0
249 528 417 548 484 0
249 566 402 588 458 0
249 447 436 466 486 0
249 516 435 539 506 0
250 707 307 723 350 0
250 316 356 332 401 0
250 324 352 338 398 0
250 248 393 269 439 0
250 415 392 431 443 0
250 563 404 584 458 0
250 446 433 466 486 0
250 516 435 540 508 0
251 708 307 724 350 0
251 313 356 330 399 0
251 246 395 269 441 0
251 414 392 431 444 0
251 561 405 583 459 0
251 442 433 463 485 0
251 516 436 540 507 0
252 709 307 725 350 0
252 310 356 327 399 0
252 243 396 266 445 0
252 413 391 431 443 0
252 562 405 584 459 0
252 437 433 459 486 0
252 516 434 541 506 0
253 710 307 726 349 0
253 307 357 324 399 0
253 241 397 263 447 0
253 562 404 585 460 0
253 432 432 455 488 0
253 510 440 535 512 0
254 710 304 725 347 0
254 716 308 730 351 0
254 303 359 318 400 0
254 238 398 260 448 0
254 531 411 553 486 0
254 560 404 582 461 0
254 428 431 451 490 0
254 510 441 534 514 0
255 711 305 725 346 0
255 299 358 313 401 0
255 234 399 258 448 0
255 535 409 556 481 0
255 558 405 580 461 0
255 423 431 447 490 0
255 508 441 534 516 0
256 712 305 726 346 0
256 231 399 256 449 0
256 539 408 559 474 0
256 556 407 577 463 0
256 420 431 443 492 0
256 508 439 533 516 0
257 713 305 726 345 0
257 229 401 251 453 0
257 538 407 557 472 0
257 555 408 577 463 0
257 419 434 441 492 0
257 507 438 533 518 0
258 716 309 730 348 0
258 423 389 444 448 0
258 228 402 250 454 0
258 535 407 554 471 0
258 555 409 575 463 0
258 505 436 531 521 0
259 716 306 731 345 0
259 236 385 259 433 0
259 427 389 446 445 0
259 226 404 249 455 0
259 504 437 531 524 0
260 716 306 731 344 0
260 241 367 262 411 0
260 431 388 447 444 0
260 226 407 248 456 0
260 504 439 530 526 0
261 716 305 731 345 0
261 237 366 257 411 0
261 434 385 449 442 0
261 213 409 237 457 0
261 533 411 555 469 0
261 503 440 531 528 0
262 716 306 731 345 0
262 232 364 251 411 0
262 436 383 450 440 0
262 211 407 235 459 0
262 535 410 556 467 0
262 503 444 529 528 0
263 717 306 732 345 0
263 228 362 246 410 0
263 436 382 452 437 0
263 209 406 234 461 0
263 533 412 553 472 0
263 518 426 540 502 0
263 499 456 524 531 0
264 718 305 733 344 0
264 225 363 245 410 0
264 439 384 454 436 0
264 207 408 231 463 0
264 528 413 549 479 0
264 517 424 539 499 0
264 496 458 520 532 0
265 719 304 734 344 0
265 225 363 243 409 0
265 441 383 456 434 0
265 204 409 229 464 0
265 523 415 544 485 0
265 493 459 518 533 0
266 720 303 735 343 0
266 228 361 244 407 0
266 442 382 458 433 0
266 202 410 227 466 0
266 514 414 531 489 0
266 523 416 543 486 0
266 379 444 398 493 0
266 491 459 516 535 0
267 720 303 735 343 0
267 442 381 460 432 0
267 200 410 226 467 0
267 514 413 531 485 0
267 525 416 544 483 0
267 376 445 395 495 0
267 489 460 515 537 0
268 721 302 735 343 0
268 443 381 461 431 0
268 198 409 225 468 0
268 512 413 530 481 0
268 525 415 544 477 0
268 488 462 514 540 0
269 721 302 735 343 0
269 444 381 462 430 0
269 453 382 469 430 0
269 195 409 222 469 0
269 510 414 529 480 0
269 525 415 544 475 0
269 487 465 513 542 0
270 721 301 736 342 0
270 453 380 468 431 0
270 193 409 219 470 0
270 509 415 528 480 0
270 524 415 543 475 0
270 364 448 385 501 0
270 485 468 511 542 0
271 721 301 735 341 0
271 248 354 265 399 0
271 440 378 456 428 0
271 453 379 469 429 0
271 191 409 215 471 0
271 507 417 526 482 0
271 524 417 542 481 0
271 360 448 382 502 0
271 482 468 510 541 0
272 721 301 736 341 0
272 195 361 210 413 0
272 247 356 265 399 0
272 434 378 449 427 0
272 455 378 471 428 0
272 189 409 212 471 0
272 506 418 525 482 0
272 523 418 542 484 0
272 356 448 378 504 0
272 480 468 508 542 0
273 721 301 736 340 0
273 192 361 208 411 0
273 242 356 261 399 0
273 427 378 443 427 0
273 456 378 473 427 0
273 187 410 211 472 0
273 503 417 523 480 0
273 522 419 542 485 0
273 353 449 376 505 0
273 476 469 504 546 0
274 722 301 737 340 0
274 191 361 207 409 0
274 238 356 256 398 0
274 427 376 443 426 0
274 458 377 475 427 0
274 183 412 206 473 0
274 501 418 522 482 0
274 521 419 541 487 0
274 347 449 370 505 0
274 528 426 550 497 0
274 475 471 502 548 0
275 722 301 736 339 0
275 185 365 202 410 0
275 194 357 209 405 0
275 235 356 253 398 0
275 429 374 444 424 0
275 458 376 475 426 0
275 181 415 204 475 0
275 499 419 521 484 0
275 519 419 540 488 0
275 344 450 368 505 0
275 531 428 554 500 0
275 472 472 500 550 0
276 722 301 736 339 0
276 182 365 199 410 0
276 232 355 249 398 0
276 431 372 446 423 0
276 459 375 477 424 0
276 179 417 202 477 0
276 497 420 520 487 0
276 517 419 539 490 0
276 341 450 363 507 0
276 532 428 556 501 0
276 469 472 497 551 0
277 722 300 736 340 0
277 230 355 246 398 0
277 178 373 196 415 0
277 461 373 478 423 0
277 177 418 199 479 0
277 495 420 519 487 0
277 516 420 538 491 0
277 337 452 359 508 0
277 534 431 558 506 0
277 467 474 495 552 0
278 722 299 737 339 0
278 227 355 243 398 0
278 174 372 194 416 0
278 463 372 480 423 0
278 175 419 197 480 0
278 494 420 517 487 0
278 516 420 538 491 0
278 333 453 354 510 0
278 535 433 559 509 0
278 466 476 492 555 0
279 722 298 737 339 0
279 174 351 191 393 0
279 225 355 241 398 0
279 172 373 191 418 0
279 441 372 455 421 0
279 466 372 482 423 0
279 173 422 195 481 0
279 493 421 516 488 0
279 517 420 537 489 0
279 330 455 350 512 0
279 538 436 561 512 0
279 464 478 491 558 0
280 172 349 188 390 0
280 224 355 240 399 0
280 169 372 187 419 0
280 442 371 457 421 0
280 468 371 484 423 0
280 170 424 192 482 0
280 493 421 515 489 0
280 517 420 537 488 0
280 326 455 347 514 0
280 539 436 561 512 0
280 463 480 489 560 0
281 170 347 186 386 0
281 223 354 239 399 0
281 165 373 182 420 0
281 443 372 457 421 0
281 471 370 487 421 0
281 167 426 189 483 0
281 492 423 515 490 0
281 519 421 538 489 0
281 323 457 344 517 0
281 537 434 560 510 0
281 549 440 571 514 0
281 460 482 488 559 0
282 167 347 183 386 0
282 223 353 239 397 0
282 153 376 169 423 0
282 160 373 178 420 0
282 443 372 458 420 0
282 473 369 490 419 0
282 164 426 186 484 0
282 492 423 515 491 0
282 520 421 539 491 0
282 320 457 342 518 0
282 532 430 556 507 0
282 547 440 571 516 0
282 457 482 486 558 0
283 720 296 735 336 0
283 164 349 181 386 0
283 157 374 175 420 0
283 445 371 459 420 0
283 475 369 492 418 0
283 160 426 182 485 0
283 492 424 515 490 0
283 314 458 336 520 0
283 527 427 550 505 0
283 547 440 573 517 0
283 452 483 484 559 0
284 721 296 735 335 0
284 162 349 178 385 0
284 475 367 492 416 0
284 152 373 170 421 0
284 446 370 461 419 0
284 157 425 178 486 0
284 493 423 516 491 0
284 151 435 167 494 0
284 524 425 547 503 0
284 548 441 575 519 0
284 313 462 335 525 0
284 449 483 482 561 0
285 721 296 735 335 0
285 161 350 176 388 0
285 476 367 493 416 0
285 151 374 168 422 0
285 159 377 176 421 0
285 446 369 463 418 0
285 152 424 171 487 0
285 492 425 515 496 0
285 523 424 546 502 0
285 550 444 577 521 0
285 311 462 332 526 0
285 447 483 480 560 0
286 721 297 735 334 0
286 447 367 464 415 0
286 478 366 495 415 0
286 146 375 164 423 0
286 151 429 170 492 0
286 493 426 516 498 0
286 523 425 546 500 0
286 308 462 329 528 0
286 439 485 472 567 0
287 721 297 735 334 0
287 150 354 165 392 0
287 448 367 465 415 0
287 478 366 495 414 0
287 487 364 502 410 0
287 141 376 160 422 0
287 471 369 486 417 0
287 149 431 169 493 0
287 493 429 516 499 0
287 523 427 546 499 0
287 306 464 326 529 0
287 438 485 467 567 0
288 720 297 735 334 0
288 150 349 166 385 0
288 449 367 465 414 0
288 470 366 487 413 0
288 486 365 502 411 0
288 136 376 155 421 0
288 146 433 166 494 0
288 493 431 517 500 0
288 524 429 546 498 0
288 560 448 582 525 0
288 303 466 324 531 0
288 436 485 462 569 0
289 719 296 734 333 0
289 149 346 165 381 0
289 450 365 466 413 0
289 460 366 478 414 0
289 486 365 503 411 0
289 134 376 151 422 0
289 493 432 517 500 0
289 525 430 546 498 0
289 563 450 585 524 0
289 300 467 322 532 0
289 432 486 458 573 0
290 718 295 733 332 0
290 148 347 163 381 0
290 452 365 471 413 0
290 489 364 505 410 0
290 131 378 147 423 0
290 494 433 517 500 0
290 524 432 545 499 0
290 563 450 585 522 0
290 297 468 320 533 0
290 428 488 455 576 0
291 718 294 732 331 0
291 453 364 472 412 0
291 491 363 506 410 0
291 494 434 516 501 0
291 524 433 546 502 0
291 563 449 587 522 0
291 295 469 318 533 0
291 425 491 452 577 0
292 193 356 208 399 0
292 454 363 473 411 0
292 493 362 507 409 0
292 494 434 517 503 0
292 523 435 546 506 0
292 291 471 316 535 0
292 421 493 449 577 0
293 190 355 206 399 0
293 456 363 474 410 0
293 494 361 509 408 0
293 495 435 517 504 0
293 523 435 546 509 0
293 288 472 313 537 0
293 417 493 446 578 0
294 717 293 731 329 0
294 187 355 203 396 0
294 458 362 476 409 0
294 496 361 510 408 0
294 496 435 518 504 0
294 524 436 546 510 0
294 285 471 310 540 0
294 414 495 444 580 0
295 717 293 730 328 0
295 186 356 202 397 0
295 460 361 478 408 0
295 497 360 510 407 0
295 496 435 518 505 0
295 524 436 545 509 0
295 281 470 304 542 0
295 407 497 439 580 0
296 716 292 730 328 0
296 183 356 199 398 0
296 462 360 480 406 0
296 498 358 511 405 0
296 497 436 518 506 0
296 525 437 546 509 0
296 278 472 302 544 0
296 403 499 435 582 0
297 716 292 730 328 0
297 180 356 197 398 0
297 464 360 482 405 0
297 499 357 512 404 0
297 496 438 518 509 0
297 526 437 547 511 0
297 277 474 300 546 0
297 399 499 430 583 0
298 715 291 730 328 0
298 178 357 195 398 0
298 466 360 483 405 0
298 499 356 514 403 0
298 496 441 518 511 0
298 526 438 548 513 0
298 274 476 299 548 0
298 395 500 424 588 0
299 714 290 728 326 0
299 176 358 193 399 0
299 468 359 486 405 0
299 501 356 516 403 0
299 495 443 518 513 0
299 526 439 548 514 0
299 271 478 297 548 0
299 392 502 420 592 0
300 714 289 727 326 0
300 470 358 488 405 0
300 502 356 517 403 0
300 495 444 518 514 0
300 526 441 549 515 0
300 268 479 295 549 0
300 151 501 182 580 0
300 387 505 415 596 0
301 715 289 727 325 0
301 471 357 489 404 0
301 504 355 518 402 0
301 495 445 518 516 0
301 526 442 549 516 0
301 264 481 291 549 0
301 151 498 185 582 0
301 383 508 412 597 0
302 714 288 726 325 0
302 473 356 490 403 0
302 506 354 520 401 0
302 495 446 518 518 0
302 525 442 549 520 0
302 261 483 288 550 0
302 154 494 187 580 0
302 382 508 410 596 0
303 714 288 726 325 0
303 475 356 491 402 0
303 507 354 522 400 0
303 495 448 518 522 0
303 525 443 549 523 0
303 258 485 284 553 0
303 158 493 188 576 0
303 374 511 403 597 0
304 713 288 726 325 0
304 163 357 180 398 0
304 477 354 493 401 0
304 508 354 523 399 0
304 496 449 518 524 0
304 527 445 550 526 0
304 255 485 280 555 0
304 161 490 190 573 0
304 370 510 400 599 0
305 713 288 725 324 0
305 160 357 177 397 0
305 479 353 495 400 0
305 509 353 525 398 0
305 496 450 519 525 0
305 528 447 550 527 0
305 253 485 278 556 0
305 164 490 194 570 0
305 364 516 397 602 0
306 712 288 724 323 0
306 158 356 175 396 0
306 480 352 498 398 0
306 509 353 524 397 0
306 496 450 519 526 0
306 528 448 550 528 0
306 246 487 271 556 0
306 616 467 646 556 0
306 167 490 197 570 0
306 359 517 393 603 0
307 711 287 724 323 0
307 481 353 499 397 0
307 507 352 522 395 0
307 496 450 518 527 0
307 527 448 550 529 0
307 244 487 269 557 0
307 255 485 278 549 0
307 618 466 649 555 0
307 170 490 200 568 0
307 354 519 387 604 0
308 711 287 723 323 0
308 482 353 500 397 0
308 503 351 518 394 0
308 495 450 518 528 0
308 527 448 550 530 0
308 621 467 652 558 0
308 173 488 203 568 0
308 240 491 266 561 0
308 350 522 381 606 0
309 710 287 723 322 0
309 483 352 499 397 0
309 500 351 516 395 0
309 527 447 550 532 0
309 189 480 215 552 0
309 494 454 517 532 0
309 623 470 654 559 0
309 176 486 206 566 0
309 236 491 264 562 0
309 342 523 371 609 0
310 709 286 722 322 0
310 483 351 498 397 0
310 178 481 207 562 0
310 493 454 516 535 0
310 527 451 551 533 0
310 625 472 655 559 0
310 232 493 261 564 0
310 338 527 369 613 0
311 708 285 721 322 0
311 146 355 161 395 0
311 184 478 214 558 0
311 492 455 516 537 0
311 526 452 551 534 0
311 628 473 657 559 0
311 229 494 257 565 0
311 333 528 365 615 0
312 707 285 720 322 0
312 143 354 159 394 0
312 186 479 216 559 0
312 490 457 516 539 0
312 525 453 550 535 0
312 629 473 659 561 0
312 226 495 253 567 0
312 327 529 359 616 0
313 707 285 720 322 0
313 142 354 158 395 0
313 190 477 217 557 0
313 488 459 516 540 0
313 524 455 550 537 0
313 631 475 664 563 0
313 222 494 249 569 0
313 321 530 353 615 0
314 707 286 720 321 0
314 140 353 156 395 0
314 518 342 533 387 0
314 194 475 219 556 0
314 487 462 515 541 0
314 524 458 550 539 0
314 633 477 668 564 0
314 205 491 234 570 0
314 219 494 246 573 0
314 316 532 348 616 0
315 706 285 719 321 0
315 137 354 154 395 0
315 519 343 533 387 0
315 197 473 223 559 0
315 486 463 513 542 0
315 524 460 550 541 0
315 210 490 240 575 0
315 635 482 672 568 0
315 308 534 340 619 0
316 706 285 720 320 0
316 133 354 151 395 0
316 503 346 518 391 0
316 519 344 534 388 0
316 200 472 227 564 0
316 483 462 511 542 0
316 523 461 550 544 0
316 209 486 239 576 0
316 636 484 673 568 0
316 304 535 336 621 0
317 706 284 719 320 0
317 130 354 147 394 0
317 501 346 516 390 0
317 520 344 536 388 0
317 481 462 509 543 0
317 523 463 550 545 0
317 208 486 238 578 0
317 642 483 676 572 0
317 299 535 330 623 0
318 705 285 719 319 0
318 499 345 515 389 0
318 521 345 537 388 0
318 479 464 507 543 0
318 523 465 549 545 0
318 208 491 237 579 0
318 646 483 679 573 0
318 294 537 324 626 0
319 703 285 718 319 0
319 499 345 516 389 0
319 521 344 539 387 0
319 477 467 504 544 0
319 523 466 549 545 0
319 205 497 234 581 0
319 650 485 683 575 0
319 276 538 304 616 0
319 288 539 318 629 0
320 702 285 716 319 0
320 501 345 517 389 0
320 522 344 540 387 0
320 161 409 183 460 0
320 212 466 238 554 0
320 475 468 502 544 0
320 523 467 549 547 0
320 202 499 231 580 0
320 653 487 686 575 0
320 283 541 315 631 0
321 502 345 517 389 0
321 523 344 541 386 0
321 165 407 186 458 0
321 213 465 240 551 0
321 472 469 499 546 0
321 522 468 549 549 0
321 199 502 228 581 0
321 655 488 689 576 0
321 274 542 308 632 0
322 503 345 518 387 0
322 524 343 541 385 0
322 168 406 189 457 0
322 219 464 246 544 0
322 469 469 497 548 0
322 521 469 549 550 0
322 197 507 226 585 0
322 657 489 693 577 0
322 269 545 306 636 0
323 504 345 519 386 0
323 524 341 542 383 0
323 170 405 192 456 0
323 222 464 248 544 0
323 467 470 495 550 0
323 520 470 548 549 0
323 195 512 223 589 0
323 659 489 698 580 0
323 264 547 299 636 0
324 505 344 520 386 0
324 525 341 542 382 0
324 172 406 193 455 0
324 225 462 251 542 0
324 465 472 492 552 0
324 518 471 547 551 0
324 193 515 220 591 0
324 662 490 702 581 0
324 257 548 291 638 0
325 506 344 521 385 0
325 526 341 543 381 0
325 176 406 195 454 0
325 227 461 252 539 0
325 463 473 490 554 0
325 517 473 546 555 0
325 666 492 705 582 0
325 192 520 218 595 0
325 252 550 286 640 0
326 507 343 522 384 0
326 527 340 543 381 0
326 179 406 198 454 0
326 230 459 254 534 0
326 461 475 487 557 0
326 515 476 545 560 0
326 668 493 705 584 0
326 189 520 216 596 0
326 248 552 282 644 0
327 529 338 545 378 0
327 507 342 523 384 0
327 182 405 201 453 0
327 232 459 257 532 0
327 458 477 485 558 0
327 514 478 542 563 0
327 676 494 711 588 0
327 186 520 214 598 0
327 239 553 271 644 0
328 530 338 545 378 0
328 507 341 523 384 0
328 184 403 204 453 0
328 235 459 260 532 0
328 454 478 483 560 0
328 509 477 535 558 0
328 680 496 715 589 0
328 180 523 209 600 0
328 234 554 265 646 0
329 531 338 546 378 0
329 61 348 76 381 0
329 507 341 523 384 0
329 188 402 209 454 0
329 237 459 263 532 0
329 450 480 481 561 0
329 507 477 534 561 0
329 684 500 720 590 0
329 179 524 208 601 0
329 227 557 258 648 0
330 532 337 547 378 0
330 60 348 75 380 0
330 508 340 524 384 0
330 190 401 210 453 0
330 239 458 265 531 0
330 447 481 480 562 0
330 503 477 530 562 0
330 687 502 724 592 0
330 177 526 206 603 0
330 208 562 238 647 0
330 220 560 254 651 0
331 534 337 548 378 0
331 60 349 75 381 0
331 508 339 524 384 0
331 192 399 213 449 0
331 241 457 267 530 0
331 441 484 473 568 0
331 499 483 528 570 0
331 691 503 727 593 0
331 173 527 202 606 0
331 215 561 251 656 0
332 535 336 549 378 0
332 63 350 78 383 0
332 510 339 525 384 0
332 195 399 216 448 0
332 243 451 269 526 0
332 255 452 278 519 0
332 440 482 472 568 0
332 496 484 524 570 0
332 693 504 730 595 0
332 168 528 198 610 0
332 204 565 242 660 0
333 512 337 527 379 0
333 537 336 551 378 0
333 197 398 218 449 0
333 246 450 271 525 0
333 439 483 469 568 0
333 492 484 521 570 0
333 696 506 735 597 0
333 164 530 193 613 0
333 713 526 742 602 0
333 199 565 235 663 0
334 512 337 527 378 0
334 538 336 551 377 0
334 97 354 112 391 0
334 199 397 221 449 0
334 252 452 280 524 0
334 437 484 467 570 0
334 487 485 517 569 0
334 697 509 739 599 0
334 162 531 190 615 0
334 194 567 228 663 0
335 513 336 528 378 0
335 538 335 552 377 0
335 95 353 110 391 0
335 203 397 223 450 0
335 254 451 283 522 0
335 435 486 466 570 0
335 470 492 497 571 0
335 483 488 512 572 0
335 159 533 185 615 0
335 705 512 744 608 0
335 188 569 222 663 0
336 514 336 528 377 0
336 539 335 552 376 0
336 93 354 109 392 0
336 206 396 226 450 0
336 258 449 284 521 0
336 433 489 464 571 0
336 480 490 508 575 0
336 157 535 182 615 0
336 708 513 746 610 0
337 514 334 529 376 0
337 540 334 553 375 0
337 93 353 109 392 0
337 210 396 229 450 0
337 261 446 286 520 0
337 431 490 461 573 0
337 475 489 501 573 0
337 712 513 748 613 0
338 515 334 530 375 0
338 540 334 553 374 0
338 86 354 103 390 0
338 96 353 111 391 0
338 213 397 233 449 0
338 264 443 288 517 0
338 428 490 457 575 0
338 470 491 498 575 0
338 716 514 752 614 0
339 516 334 530 374 0
339 539 333 552 373 0
339 215 397 236 448 0
339 266 441 291 515 0
339 425 491 453 579 0
339 465 492 493 577 0
339 719 516 756 618 0
340 516 334 531 374 0
340 537 333 550 372 0
340 82 354 99 389 0
340 216 404 236 451 0
340 268 441 294 514 0
340 421 494 450 581 0
340 462 494 490 579 0
340 721 517 758 619 0
341 516 334 531 375 0
341 534 332 548 371 0
341 81 354 97 390 0
341 271 441 296 513 0
341 416 496 447 583 0
341 460 496 486 582 0
341 724 519 760 620 0
342 516 332 530 373 0
342 81 355 96 390 0
342 273 440 299 512 0
342 419 499 450 584 0
342 456 500 481 585 0
342 727 521 763 620 0
343 227 396 249 443 0
343 276 439 302 511 0
343 409 499 439 586 0
343 428 500 458 586 0
343 451 502 477 587 0
343 729 523 768 624 0
344 229 396 251 443 0
344 278 437 305 510 0
344 407 498 437 589 0
344 436 505 466 590 0
344 731 526 772 628 0
345 74 355 90 390 0
345 231 395 253 443 0
345 283 436 312 509 0
345 403 500 434 591 0
345 438 508 468 592 0
345 737 532 777 633 0
346 72 355 89 390 0
346 232 395 254 443 0
346 285 437 313 507 0
346 400 503 431 593 0
346 435 509 464 593 0
346 739 533 779 635 0
347 71 355 87 391 0
347 234 395 254 442 0
347 288 435 314 505 0
347 396 506 426 593 0
347 432 510 460 595 0
347 743 533 781 637 0
348 69 355 85 391 0
348 236 395 256 441 0
348 291 432 316 503 0
348 392 508 420 596 0
348 428 509 456 596 0
348 745 535 783 638 0
349 67 355 83 390 0
349 238 395 258 441 0
349 294 429 317 501 0
349 387 508 415 597 0
349 424 510 452 598 0
349 746 539 786 647 0
350 65 354 82 389 0
350 241 394 262 440 0
350 296 427 319 499 0
350 386 509 415 598 0
350 420 508 447 601 0
350 376 518 404 604 0
350 749 542 789 647 0
351 535 330 548 367 0
351 553 328 565 366 0
351 63 354 80 389 0
351 243 393 266 439 0
351 298 427 321 499 0
351 394 510 422 598 0
351 417 509 444 602 0
351 374 516 406 602 0
351 751 543 792 647 0
352 534 329 548 367 0
352 552 329 565 367 0
352 63 354 78 389 0
352 245 393 268 438 0
352 300 427 323 498 0
352 404 511 431 598 0
352 371 518 404 602 0
352 416 515 442 604 0
352 754 544 794 649 0
353 532 329 546 366 0
353 553 328 566 365 0
353 61 354 77 390 0
353 247 392 270 438 0
353 303 427 326 497 0
353 368 519 399 603 0
353 411 513 436 605 0
353 757 547 798 653 0
354 532 328 546 366 0
354 554 326 568 363 0
354 60 354 76 391 0
354 249 392 271 437 0
354 306 426 328 495 0
354 364 520 393 604 0
354 408 514 432 607 0
354 418 524 441 605 0
354 757 549 802 660 0
