1 24 331 45 364 0
1 961 315 983 356 0
1 824 351 844 397 0
1 104 379 128 428 0
1 126 375 149 423 0
1 322 435 349 487 0
1 156 528 189 595 0
1 771 536 813 603 0
1 758 516 827 627 0
2 609 281 621 315 0
2 27 343 43 373 0
2 974 320 992 361 0
2 1023 322 1039 369 0
2 833 357 848 406 0
2 115 381 135 435 0
2 133 375 151 428 0
2 327 432 350 494 0
2 160 520 191 608 0
2 774 532 817 620 0
3 611 279 623 313 0
3 26 342 43 373 0
3 974 319 992 361 0
3 1023 321 1039 369 0
3 833 357 848 406 0
3 111 382 130 436 0
3 135 376 153 430 0
3 325 433 348 495 0
3 155 522 188 611 0
3 777 531 820 622 0
4 608 273 622 309 0
4 22 335 36 367 0
4 25 342 43 373 0
4 974 319 992 362 0
4 1023 321 1039 369 0
4 833 356 848 406 0
4 136 379 154 434 0
4 323 434 346 497 0
4 151 527 187 615 0
4 782 529 824 624 0
5 567 269 581 298 0
5 25 342 43 373 0
5 974 319 992 362 0
5 1022 321 1038 369 0
5 22 346 32 378 0
5 833 356 848 406 0
5 138 381 156 437 0
5 321 435 344 498 0
5 154 535 185 611 0
5 787 525 830 626 0
6 567 269 581 297 0
6 606 273 622 308 0
6 22 338 35 370 0
6 973 319 992 362 0
6 1021 321 1038 368 0
6 26 346 42 376 0
6 833 355 848 406 0
6 139 382 157 437 0
6 319 436 343 499 0
6 140 532 174 615 0
6 156 541 184 608 0
6 790 519 830 624 0
6 806 529 845 630 0
7 566 268 580 295 0
7 760 288 777 325 0
7 973 319 992 362 0
7 1020 320 1038 368 0
7 27 348 42 378 0
7 833 355 849 406 0
7 140 381 159 435 0
7 318 437 341 500 0
7 784 496 817 591 0
7 792 516 832 621 0
7 809 534 847 630 0
8 566 268 579 294 0
8 759 288 776 325 0
8 973 319 992 362 0
8 1020 320 1038 368 0
8 833 355 849 406 0
8 318 438 341 501 0
8 781 492 811 586 0
8 795 519 830 618 0
8 812 538 851 630 0
9 566 267 579 294 0
9 621 284 635 315 0
9 757 288 775 325 0
9 973 319 993 361 0
9 1021 319 1039 368 0
9 833 355 849 406 0
9 143 382 160 434 0
9 314 439 339 504 0
9 776 490 808 581 0
9 815 541 855 631 0
10 566 267 579 294 0
10 613 281 626 314 0
10 619 282 633 314 0
10 755 287 774 325 0
10 973 318 993 361 0
10 833 355 849 406 0
10 144 383 162 436 0
10 313 441 339 506 0
10 768 490 800 578 0
10 811 548 856 643 0
11 566 267 580 294 0
11 619 282 632 314 0
11 753 287 772 324 0
11 974 318 993 361 0
11 833 356 849 407 0
11 145 384 163 438 0
11 312 442 338 507 0
11 765 490 799 577 0
11 840 543 874 628 0
11 816 548 863 644 0
12 566 267 580 295 0
12 974 319 992 361 0
12 833 356 850 407 0
12 147 384 165 438 0
12 310 441 337 507 0
12 760 488 794 574 0
12 822 549 867 640 0
13 566 267 580 295 0
13 974 320 992 362 0
13 833 356 851 407 0
13 148 384 167 437 0
13 307 441 334 508 0
13 754 486 786 572 0
13 826 549 874 639 0
14 566 267 580 295 0
14 622 282 635 315 0
14 974 319 991 362 0
14 1021 320 1037 369 0
14 832 355 852 406 0
14 150 385 169 438 0
14 305 442 332 510 0
14 748 484 779 572 0
14 838 550 884 641 0
15 566 268 580 296 0
15 623 281 637 314 0
15 974 319 992 362 0
15 1019 319 1035 367 0
15 833 355 853 404 0
15 151 387 171 439 0
15 303 443 329 510 0
15 745 484 773 571 0
15 843 552 887 645 0
15 876 561 904 639 0
16 566 268 580 297 0
16 625 281 639 314 0
16 974 319 992 362 0
16 1016 318 1032 365 0
16 833 353 854 403 0
16 152 388 172 440 0
16 302 445 327 512 0
16 737 484 767 569 0
16 849 553 891 648 0
16 872 555 904 644 0
17 566 269 581 297 0
17 626 281 640 313 0
17 974 319 992 362 0
17 1015 318 1031 359 0
17 833 354 854 403 0
17 153 387 172 440 0
17 300 445 325 513 0
17 734 483 764 569 0
17 855 553 895 648 0
18 566 269 580 297 0
18 627 282 641 313 0
18 972 321 990 363 0
18 832 354 853 406 0
18 156 386 176 437 0
18 299 446 324 515 0
18 730 479 760 564 0
18 859 556 900 650 0
19 566 268 580 297 0
19 628 282 642 314 0
19 969 325 986 361 0
19 985 321 1002 359 0
19 832 356 850 408 0
19 157 386 177 436 0
19 297 447 323 517 0
19 727 478 755 564 0
19 861 558 905 654 0
20 566 268 580 297 0
20 630 282 644 315 0
20 1022 320 1038 360 0
20 832 356 849 408 0
20 41 382 65 436 0
20 159 387 178 435 0
20 295 449 322 519 0
20 723 478 754 564 0
20 870 562 916 660 0
21 566 268 580 297 0
21 632 282 645 316 0
21 969 325 986 356 0
21 1021 319 1038 363 0
21 833 356 849 408 0
21 35 383 61 437 0
21 160 388 179 436 0
21 293 449 321 520 0
21 718 479 751 564 0
21 870 566 923 664 0
22 566 269 580 298 0
22 634 282 647 318 0
22 972 322 990 357 0
22 984 317 1002 359 0
22 1018 319 1035 362 0
22 833 355 850 408 0
22 30 385 57 439 0
22 162 389 180 438 0
22 291 450 319 520 0
22 714 478 748 561 0
22 879 566 928 659 0
23 567 269 580 298 0
23 635 282 648 318 0
23 974 320 991 359 0
23 833 357 852 407 0
23 162 389 181 438 0
23 290 450 318 522 0
23 710 477 742 556 0
23 885 568 934 658 0
24 567 269 580 298 0
24 636 284 649 320 0
24 972 322 991 358 0
24 831 359 855 407 0
24 163 390 183 439 0
24 289 451 316 525 0
24 703 475 732 557 0
24 890 569 938 659 0
25 566 269 580 298 0
25 973 322 990 358 0
25 832 362 856 408 0
25 163 391 184 440 0
25 288 451 314 527 0
25 700 475 729 557 0
25 902 571 949 663 0
26 566 268 580 298 0
26 974 320 991 359 0
26 830 359 854 406 0
26 164 392 185 441 0
26 287 456 312 530 0
26 695 474 725 555 0
26 906 571 954 668 0
27 566 268 580 297 0
27 975 318 991 361 0
27 1022 320 1039 369 0
27 831 358 852 405 0
27 165 393 186 442 0
27 285 458 311 530 0
27 691 473 721 553 0
27 913 572 960 669 0
28 567 269 580 298 0
28 974 318 992 362 0
28 1023 320 1039 369 0
28 832 356 851 404 0
28 166 392 187 443 0
28 284 460 310 532 0
28 688 471 716 552 0
28 919 576 962 673 0
29 568 269 582 298 0
29 974 319 992 362 0
29 1023 320 1039 369 0
29 833 355 852 405 0
29 168 393 189 444 0
29 279 462 306 535 0
29 684 469 712 552 0
29 922 578 968 675 0
30 568 269 582 298 0
30 974 319 992 362 0
30 1023 320 1039 369 0
30 832 354 851 406 0
30 169 394 190 445 0
30 278 465 305 536 0
30 680 468 708 550 0
30 925 583 972 679 0
31 568 269 582 299 0
31 974 319 992 362 0
31 1023 320 1039 369 0
31 833 354 851 407 0
31 170 396 191 446 0
31 276 466 303 537 0
31 676 469 707 548 0
31 933 583 982 686 0
32 568 269 582 298 0
32 974 319 992 362 0
32 1023 320 1039 369 0
32 834 355 851 408 0
32 171 396 191 447 0
32 275 465 301 538 0
32 669 469 703 547 0
32 940 584 989 689 0
33 569 270 583 299 0
33 974 319 992 362 0
33 1023 320 1039 369 0
33 834 355 850 407 0
33 172 396 192 448 0
33 273 465 299 541 0
33 665 468 698 546 0
33 680 473 706 538 0
33 946 584 994 688 0
34 569 270 583 300 0
34 974 319 992 362 0
34 1023 320 1039 369 0
34 832 355 848 407 0
34 174 396 194 449 0
34 271 467 296 543 0
34 660 466 690 543 0
34 954 586 1002 685 0
35 569 271 583 300 0
35 974 319 992 362 0
35 1023 320 1039 369 0
35 832 356 848 407 0
35 175 396 196 450 0
35 269 468 294 545 0
35 657 465 683 540 0
35 965 591 1017 687 0
36 570 271 583 300 0
36 974 319 992 362 0
36 1023 320 1039 369 0
36 831 355 848 407 0
36 176 397 198 450 0
36 267 470 291 546 0
36 653 465 680 539 0
36 970 591 1023 694 0
37 571 271 584 299 0
37 974 319 992 362 0
37 1022 320 1039 369 0
37 831 355 848 407 0
37 178 397 200 450 0
37 264 472 288 547 0
37 638 468 663 534 0
37 649 466 676 537 0
37 976 594 1028 696 0
38 974 319 992 362 0
38 1020 320 1037 368 0
38 830 355 847 407 0
38 180 400 200 454 0
38 261 473 286 549 0
38 646 464 672 536 0
38 983 597 1031 694 0
39 974 319 992 362 0
39 1019 320 1037 368 0
39 831 355 847 407 0
39 181 398 201 455 0
39 257 474 284 551 0
39 640 462 665 536 0
39 988 601 1037 692 0
40 974 319 993 362 0
40 1017 320 1036 366 0
40 831 355 848 407 0
40 181 398 202 455 0
40 253 475 281 552 0
40 637 459 662 535 0
40 997 603 1051 700 0
41 973 318 993 362 0
41 1018 321 1036 365 0
41 831 355 848 407 0
41 181 398 203 456 0
41 251 477 279 553 0
41 633 460 659 534 0
41 997 605 1054 712 0
42 661 282 672 317 0
42 972 321 993 362 0
42 831 356 848 407 0
42 182 400 203 456 0
42 246 478 273 551 0
42 628 461 656 532 0
42 1004 604 1061 713 0
43 661 281 673 317 0
43 972 322 991 361 0
43 831 356 848 407 0
43 182 400 204 457 0
43 245 480 270 553 0
43 625 464 652 529 0
43 1012 604 1069 714 0
44 661 281 674 318 0
44 831 355 848 407 0
44 183 401 205 457 0
44 244 482 268 556 0
44 1017 607 1076 716 0
45 661 281 674 319 0
45 832 356 848 408 0
45 184 401 205 457 0
45 242 483 266 559 0
45 1029 607 1087 714 0
46 661 282 675 320 0
46 972 321 990 360 0
46 1023 320 1041 370 0
46 833 356 850 409 0
46 184 401 206 459 0
46 239 484 264 560 0
46 1037 608 1093 716 0
47 662 282 676 319 0
47 972 319 991 360 0
47 1022 320 1039 369 0
47 833 356 851 409 0
47 184 403 205 460 0
47 237 487 263 563 0
47 1044 610 1098 717 0
48 570 271 586 301 0
48 663 283 677 319 0
48 973 318 991 361 0
48 1021 321 1039 369 0
48 834 356 853 408 0
48 185 404 206 460 0
48 234 488 260 564 0
48 1050 612 1102 718 0
49 571 272 586 302 0
49 664 283 679 319 0
49 973 319 991 361 0
49 1021 321 1039 369 0
49 834 354 854 407 0
49 185 405 206 460 0
49 230 489 257 566 0
49 1057 629 1098 705 0
50 571 272 585 302 0
50 666 284 681 319 0
50 972 319 991 362 0
50 1021 321 1039 369 0
50 836 354 856 406 0
50 188 405 209 463 0
50 228 490 256 569 0
51 572 273 585 302 0
51 910 316 922 359 0
51 972 319 991 362 0
51 1021 321 1039 369 0
51 838 351 857 407 0
51 188 405 209 463 0
51 227 492 254 570 0
52 572 273 585 302 0
52 911 316 923 358 0
52 973 319 991 362 0
52 1021 321 1039 369 0
52 841 351 859 406 0
52 189 406 209 464 0
52 224 494 252 570 0
53 572 273 585 302 0
53 910 317 923 360 0
53 973 319 990 362 0
53 1021 321 1039 369 0
53 844 352 859 407 0
53 189 407 210 466 0
53 222 494 248 571 0
54 572 273 585 303 0
54 973 319 990 362 0
54 1021 321 1038 369 0
54 844 353 858 402 0
54 191 407 211 468 0
54 219 495 246 575 0
55 572 273 586 303 0
55 973 319 990 362 0
55 1021 321 1038 369 0
55 191 408 212 468 0
55 215 495 239 577 0
56 573 274 586 303 0
56 973 319 990 362 0
56 192 408 212 469 0
56 864 454 879 505 0
56 214 497 239 580 0
57 573 274 586 303 0
57 972 319 990 362 0
57 192 408 213 471 0
57 861 447 876 501 0
57 212 499 238 582 0
58 574 275 587 303 0
58 971 319 990 362 0
58 856 348 872 389 0
58 192 409 214 472 0
58 209 501 236 583 0
59 574 275 587 303 0
59 969 319 989 362 0
59 1007 320 1024 369 0
59 859 348 875 389 0
59 193 411 215 474 0
59 993 485 1010 537 0
59 205 504 234 585 0
60 575 274 588 304 0
60 967 319 988 362 0
60 1008 320 1025 368 0
60 860 348 877 392 0
60 194 412 216 474 0
60 992 482 1008 536 0
60 201 506 232 587 0
61 575 274 589 304 0
61 966 319 986 362 0
61 1008 319 1025 366 0
61 861 349 879 395 0
61 195 412 216 473 0
61 999 480 1013 535 0
61 197 508 230 589 0
62 576 274 590 304 0
62 964 319 984 362 0
62 1008 319 1025 366 0
62 1022 321 1040 369 0
62 863 349 881 398 0
62 196 410 217 473 0
62 195 509 228 590 0
63 576 274 590 305 0
63 743 299 757 337 0
63 752 301 766 340 0
63 962 318 981 362 0
63 1007 319 1025 367 0
63 1024 322 1042 369 0
63 866 349 881 397 0
63 196 409 217 474 0
63 550 443 574 507 0
63 192 509 224 592 0
64 576 275 590 305 0
64 743 300 758 339 0
64 750 300 765 339 0
64 960 317 979 362 0
64 1007 320 1024 367 0
64 1026 323 1044 370 0
64 197 411 217 476 0
64 543 444 568 509 0
64 189 510 219 594 0
65 577 275 591 306 0
65 743 302 758 340 0
65 750 299 765 339 0
65 957 317 977 362 0
65 1006 321 1023 367 0
65 1027 324 1045 370 0
65 197 413 217 476 0
65 542 443 569 508 0
65 187 511 216 594 0
66 577 275 591 307 0
66 742 303 756 341 0
66 955 317 976 362 0
66 1002 321 1021 367 0
66 1026 325 1044 371 0
66 197 414 218 476 0
66 541 442 568 505 0
66 179 519 209 600 0
67 952 317 973 362 0
67 999 322 1019 368 0
67 1024 325 1042 371 0
67 198 414 220 476 0
67 539 442 566 504 0
67 178 519 208 600 0
68 948 317 968 364 0
68 997 321 1017 368 0
68 1023 325 1040 372 0
68 891 349 903 392 0
68 198 414 222 478 0
68 537 441 564 503 0
68 174 520 205 601 0
69 577 274 591 304 0
69 678 294 693 334 0
69 945 317 964 363 0
69 996 320 1015 369 0
69 1021 325 1038 373 0
69 892 348 906 392 0
69 200 416 223 481 0
69 534 440 561 502 0
69 169 522 202 602 0
70 577 275 591 304 0
70 678 293 693 336 0
70 942 318 959 366 0
70 994 321 1012 370 0
70 1019 326 1037 374 0
70 893 348 909 391 0
70 201 418 225 483 0
70 533 437 558 501 0
70 163 524 199 604 0
71 579 276 592 305 0
71 678 294 694 337 0
71 729 300 743 342 0
71 940 318 959 365 0
71 991 321 1009 371 0
71 1016 326 1035 376 0
71 895 348 912 391 0
71 203 419 226 483 0
71 532 435 556 500 0
71 160 527 195 606 0
72 579 276 591 306 0
72 727 302 744 343 0
72 938 320 957 365 0
72 989 322 1006 370 0
72 1013 327 1032 376 0
72 900 347 916 389 0
72 204 418 227 482 0
72 530 434 552 500 0
72 156 530 191 608 0
73 579 276 591 306 0
73 724 304 743 343 0
73 935 322 953 365 0
73 990 323 1008 369 0
73 1011 328 1030 375 0
73 904 346 920 390 0
73 206 418 227 482 0
73 529 434 551 500 0
73 154 532 184 608 0
74 579 276 591 306 0
74 932 322 949 364 0
74 993 324 1011 370 0
74 1010 329 1028 375 0
74 907 345 923 390 0
74 914 344 931 387 0
74 207 420 228 484 0
74 527 434 549 499 0
74 144 529 174 609 0
75 578 277 590 306 0
75 929 324 946 366 0
75 997 326 1015 372 0
75 1009 329 1028 376 0
75 909 345 925 390 0
75 209 422 229 486 0
75 525 433 547 497 0
75 140 531 170 610 0
76 578 277 589 306 0
76 718 302 732 342 0
76 925 326 942 369 0
76 999 327 1017 375 0
76 1012 327 1030 376 0
76 914 344 931 388 0
76 210 423 231 488 0
76 523 432 546 495 0
76 134 532 167 612 0
77 577 277 588 306 0
77 667 287 684 330 0
77 708 299 722 339 0
77 716 303 731 343 0
77 921 329 940 375 0
77 972 322 991 371 0
77 998 328 1016 376 0
77 916 341 934 388 0
77 212 424 232 489 0
77 522 430 545 493 0
77 131 535 165 610 0
78 576 277 587 307 0
78 665 288 683 332 0
78 711 303 727 342 0
78 970 324 990 371 0
78 997 329 1015 377 0
78 919 340 939 388 0
78 213 423 234 490 0
78 522 429 545 492 0
79 574 276 586 307 0
79 663 288 681 333 0
79 710 305 726 344 0
79 717 302 733 340 0
79 906 324 923 369 0
79 915 328 933 374 0
79 967 326 988 373 0
79 995 330 1013 377 0
79 925 339 944 388 0
79 214 423 236 490 0
79 521 428 544 492 0
80 573 276 584 307 0
80 661 288 678 334 0
80 708 305 724 344 0
80 864 314 877 358 0
80 914 325 931 371 0
80 964 327 984 374 0
80 993 331 1011 379 0
80 1061 320 1077 369 0
80 932 339 949 387 0
80 215 423 238 491 0
80 520 428 543 492 0
81 571 276 583 308 0
81 659 286 675 334 0
81 706 305 722 344 0
81 860 313 876 358 0
81 909 325 924 369 0
81 921 327 937 373 0
81 962 326 982 373 0
81 990 333 1009 380 0
81 939 338 954 386 0
81 518 423 543 489 0
81 216 426 239 495 0
82 569 277 582 308 0
82 656 285 672 333 0
82 704 306 720 344 0
82 854 311 873 359 0
82 907 325 923 370 0
82 929 330 945 375 0
82 961 326 980 371 0
82 987 334 1006 381 0
82 1039 320 1055 369 0
82 1054 320 1070 368 0
82 941 341 957 388 0
82 950 340 968 387 0
82 517 423 542 488 0
82 221 426 243 496 0
83 568 277 581 308 0
83 654 284 669 332 0
83 702 306 718 344 0
83 853 313 869 361 0
83 904 327 920 371 0
83 959 329 978 372 0
83 984 335 1003 380 0
83 1039 320 1056 369 0
83 1057 320 1075 369 0
83 941 345 957 390 0
83 948 342 966 387 0
83 517 423 542 487 0
83 222 426 244 496 0
84 567 277 580 308 0
84 652 285 667 333 0
84 699 306 716 345 0
84 901 325 916 370 0
84 957 331 975 374 0
84 981 335 1001 381 0
84 1037 320 1056 367 0
84 1060 321 1079 369 0
84 948 342 967 387 0
84 517 424 542 487 0
84 223 427 245 497 0
85 566 278 579 308 0
85 651 288 666 334 0
85 697 306 713 345 0
85 841 318 855 363 0
85 851 316 866 365 0
85 899 323 913 368 0
85 977 335 998 381 0
85 1035 322 1054 367 0
85 1061 322 1078 369 0
85 952 340 972 386 0
85 517 424 541 486 0
85 225 427 246 499 0
86 565 278 578 308 0
86 650 289 666 334 0
86 694 306 710 345 0
86 841 317 858 365 0
86 849 316 865 365 0
86 896 323 910 367 0
86 976 333 998 380 0
86 1033 321 1051 367 0
86 1058 322 1074 368 0
86 956 338 979 386 0
86 517 423 540 486 0
86 227 429 247 501 0
87 564 279 577 311 0
87 646 287 663 333 0
87 692 306 708 345 0
87 840 316 859 367 0
87 892 324 907 369 0
87 942 327 957 374 0
87 979 330 999 377 0
87 1031 321 1048 368 0
87 1056 320 1072 369 0
87 960 337 984 386 0
87 517 420 539 484 0
87 228 430 248 503 0
88 563 279 576 311 0
88 644 287 662 334 0
88 690 308 706 347 0
88 838 317 856 367 0
88 888 325 904 369 0
88 941 329 956 375 0
88 1029 320 1046 369 0
88 964 336 987 386 0
88 518 417 539 482 0
88 228 431 250 504 0
89 561 279 575 312 0
89 642 290 659 335 0
89 688 308 703 347 0
89 834 315 852 367 0
89 887 322 901 367 0
89 939 333 956 377 0
89 1026 320 1044 370 0
89 966 338 988 386 0
89 980 343 1000 389 0
89 519 416 540 482 0
89 229 431 251 504 0
90 560 280 573 312 0
90 640 295 655 338 0
90 685 306 701 345 0
90 830 316 849 367 0
90 938 333 956 377 0
90 1023 320 1042 369 0
90 1050 319 1068 369 0
90 965 338 986 385 0
90 978 341 998 387 0
90 520 416 540 482 0
90 229 432 253 504 0
91 558 281 571 312 0
91 637 297 651 338 0
91 671 300 686 340 0
91 683 306 699 345 0
91 677 310 692 347 0
91 827 317 848 367 0
91 936 334 954 377 0
91 1023 321 1041 368 0
91 1046 321 1064 369 0
91 961 339 980 384 0
91 978 339 998 386 0
91 521 416 542 481 0
91 231 434 255 505 0
92 557 281 569 313 0
92 634 298 648 338 0
92 683 306 699 343 0
92 825 319 845 367 0
92 934 334 951 378 0
92 1025 321 1042 367 0
92 1043 322 1060 369 0
92 956 339 973 383 0
92 983 339 1000 385 0
92 521 415 542 479 0
92 234 435 258 506 0
93 555 282 568 314 0
93 631 299 645 338 0
93 685 305 700 341 0
93 678 310 693 345 0
93 824 321 841 367 0
93 931 335 947 378 0
93 949 335 968 381 0
93 1027 320 1044 367 0
93 1044 322 1061 370 0
93 986 339 1004 385 0
93 522 414 543 478 0
93 236 437 260 506 0
94 554 282 566 314 0
94 628 299 643 339 0
94 676 310 691 345 0
94 821 320 836 368 0
94 867 331 880 370 0
94 1028 320 1046 368 0
94 949 338 967 383 0
94 990 340 1009 385 0
94 523 413 543 477 0
94 237 437 261 508 0
95 550 282 562 315 0
95 626 299 640 340 0
95 674 309 689 346 0
95 818 321 833 367 0
95 867 333 881 374 0
95 933 334 948 376 0
95 1028 320 1045 369 0
95 924 343 942 385 0
95 946 338 964 383 0
95 995 340 1015 386 0
95 524 413 542 476 0
95 239 438 263 510 0
96 633 270 644 304 0
96 550 281 561 317 0
96 554 285 567 319 0
96 624 299 638 341 0
96 672 308 686 347 0
96 815 320 831 367 0
96 864 333 880 375 0
96 935 334 951 376 0
96 1028 320 1045 370 0
96 928 342 946 384 0
96 945 338 963 384 0
96 1000 338 1020 387 0
96 524 412 542 475 0
96 240 439 265 511 0
97 631 270 643 304 0
97 547 280 560 318 0
97 622 299 637 341 0
97 669 308 684 347 0
97 810 323 827 369 0
97 861 333 877 375 0
97 1004 330 1026 383 0
97 1023 322 1041 372 0
97 930 340 948 384 0
97 947 340 965 385 0
97 524 409 542 474 0
97 242 440 267 511 0
98 629 270 642 304 0
98 545 281 558 319 0
98 613 299 628 336 0
98 620 299 636 339 0
98 667 308 682 347 0
98 809 322 826 367 0
98 858 334 875 376 0
98 1003 327 1024 380 0
98 1021 324 1040 374 0
98 909 343 923 386 0
98 933 339 950 383 0
98 524 408 543 473 0
98 244 441 269 511 0
99 628 269 641 304 0
99 542 282 557 318 0
99 613 300 628 339 0
99 664 307 680 348 0
99 806 322 823 367 0
99 854 333 872 376 0
99 1001 325 1020 376 0
99 1019 325 1037 377 0
99 909 340 924 384 0
99 927 339 945 383 0
99 525 407 544 472 0
99 246 442 271 512 0
100 626 269 640 304 0
100 541 283 555 319 0
100 613 301 628 342 0
100 619 295 634 333 0
100 661 301 677 346 0
100 802 322 820 368 0
100 851 332 869 377 0
100 998 323 1017 373 0
100 1021 325 1039 378 0
100 907 340 924 384 0
100 922 340 942 384 0
100 527 408 545 472 0
100 247 442 273 513 0
101 539 283 551 321 0
101 610 301 625 343 0
101 659 301 674 346 0
101 798 322 817 369 0
101 848 333 867 378 0
101 995 325 1014 374 0
101 1022 326 1040 380 0
101 905 341 924 383 0
101 529 408 547 471 0
101 250 442 278 514 0
102 607 302 622 344 0
102 658 302 672 346 0
102 796 321 814 369 0
102 846 333 864 379 0
102 917 334 937 379 0
102 994 326 1012 374 0
102 1021 327 1038 380 0
102 902 340 921 384 0
102 1028 338 1046 386 0
102 531 407 548 470 0
102 252 444 279 517 0
103 534 283 544 319 0
103 604 303 620 344 0
103 655 309 670 349 0
103 795 323 810 369 0
103 842 333 859 380 0
103 915 333 935 380 0
103 992 327 1009 373 0
103 1019 328 1036 378 0
103 899 340 918 384 0
103 1033 339 1050 386 0
103 532 406 550 470 0
103 254 447 281 519 0
104 622 272 635 304 0
104 531 283 542 318 0
104 603 304 618 344 0
104 644 313 659 348 0
104 652 311 667 348 0
104 791 324 806 370 0
104 840 332 858 380 0
104 852 331 868 377 0
104 913 333 934 380 0
104 994 326 1009 372 0
104 1015 327 1031 376 0
104 895 340 913 385 0
104 1037 341 1052 386 0
104 1046 342 1060 386 0
104 532 405 551 469 0
104 257 447 283 519 0
105 621 272 634 304 0
105 528 283 541 318 0
105 601 304 616 344 0
105 651 312 666 349 0
105 787 326 804 371 0
105 837 332 855 380 0
105 912 333 933 380 0
105 994 327 1010 372 0
105 1014 327 1030 375 0
105 893 340 910 385 0
105 1047 342 1064 384 0
105 533 405 551 468 0
105 259 447 285 520 0
106 622 271 634 304 0
106 526 283 539 319 0
106 598 304 613 344 0
106 646 311 660 347 0
106 652 313 666 351 0
106 783 325 801 371 0
106 834 333 853 380 0
106 910 333 932 381 0
106 993 327 1011 373 0
106 891 339 908 386 0
106 1049 342 1069 383 0
106 534 404 551 465 0
106 262 448 286 522 0
107 524 283 538 319 0
107 595 305 611 344 0
107 643 311 658 347 0
107 781 324 799 371 0
107 829 334 850 381 0
107 990 328 1009 374 0
107 897 338 914 387 0
107 910 335 931 386 0
107 1053 343 1074 383 0
107 536 403 551 462 0
107 263 450 287 524 0
107 21 629 59 717 0
108 521 284 536 319 0
108 592 306 609 344 0
108 640 312 656 347 0
108 777 321 794 371 0
108 825 335 846 381 0
108 973 328 991 375 0
108 989 329 1008 374 0
108 903 336 920 387 0
108 910 336 929 387 0
108 1056 342 1076 383 0
108 537 403 552 463 0
108 265 451 288 526 0
108 25 625 63 712 0
109 519 284 536 319 0
109 589 305 606 344 0
109 638 312 654 348 0
109 774 323 792 371 0
109 786 326 804 370 0
109 821 335 841 381 0
109 974 329 991 376 0
109 991 330 1008 375 0
109 907 335 924 388 0
109 1060 341 1079 383 0
109 266 452 290 527 0
109 30 625 68 710 0
110 517 285 535 320 0
110 586 305 604 345 0
110 580 311 596 351 0
110 636 312 651 349 0
110 770 324 790 371 0
110 818 335 838 381 0
110 973 329 990 376 0
110 991 330 1008 376 0
110 1080 327 1098 372 0
110 906 335 923 387 0
110 1064 339 1084 384 0
110 267 452 292 527 0
111 514 286 531 321 0
111 584 308 601 347 0
111 633 311 648 349 0
111 767 324 785 371 0
111 804 333 823 375 0
111 814 335 834 381 0
111 970 330 988 378 0
111 991 330 1007 378 0
111 1070 332 1088 381 0
111 1078 329 1096 377 0
111 905 335 922 387 0
111 269 451 294 527 0
111 40 615 75 690 0
111 60 619 86 682 0
112 513 285 528 321 0
112 588 303 606 342 0
112 580 308 597 348 0
112 631 311 647 349 0
112 766 323 781 372 0
112 807 335 826 379 0
112 816 334 834 378 0
112 905 335 921 379 0
112 968 332 987 379 0
112 988 332 1005 378 0
112 1070 330 1086 379 0
112 1079 331 1096 378 0
112 868 347 881 387 0
112 271 454 296 532 0
112 40 614 75 687 0
112 59 618 88 686 0
113 510 285 525 322 0
113 578 308 596 348 0
113 628 312 645 350 0
113 763 323 777 372 0
113 806 335 824 382 0
113 820 332 835 374 0
113 967 333 985 379 0
113 985 333 1002 378 0
113 867 345 881 386 0
113 274 455 300 533 0
113 37 613 72 683 0
113 60 617 92 688 0
114 506 286 523 322 0
114 576 308 594 348 0
114 626 313 643 350 0
114 759 324 775 372 0
114 802 335 820 382 0
114 966 334 982 378 0
114 982 334 999 377 0
114 864 344 879 386 0
114 276 456 303 533 0
114 65 616 98 686 0
115 503 286 519 322 0
115 573 308 590 349 0
115 623 313 640 352 0
115 756 325 773 372 0
115 798 335 817 382 0
115 901 334 916 379 0
115 965 334 981 378 0
115 979 333 996 377 0
115 861 344 877 386 0
115 278 456 304 533 0
115 71 613 102 682 0
116 501 286 517 322 0
116 569 309 587 349 0
116 621 313 637 353 0
116 753 325 769 373 0
116 794 335 813 382 0
116 899 335 914 380 0
116 964 334 982 377 0
116 978 332 995 377 0
116 858 345 874 388 0
116 279 458 305 535 0
117 499 285 515 322 0
117 566 310 585 349 0
117 609 316 626 353 0
117 618 314 635 353 0
117 751 325 766 374 0
117 790 336 808 381 0
117 897 335 912 381 0
117 963 333 982 378 0
117 979 330 995 376 0
117 855 346 871 389 0
117 280 458 306 536 0
118 497 287 513 322 0
118 564 311 584 350 0
118 617 314 634 352 0
118 744 325 761 373 0
118 752 328 769 375 0
118 785 336 803 381 0
118 895 334 909 380 0
118 962 333 980 378 0
118 852 347 869 390 0
118 283 459 310 539 0
119 495 288 512 323 0
119 563 312 582 350 0
119 611 316 629 352 0
119 742 326 761 373 0
119 761 331 779 377 0
119 782 336 799 380 0
119 893 333 906 379 0
119 961 333 977 378 0
119 850 347 867 392 0
119 551 391 573 445 0
119 285 460 310 541 0
120 493 289 511 323 0
120 561 312 579 350 0
120 610 315 626 351 0
120 740 327 758 373 0
120 770 334 788 380 0
120 783 335 798 378 0
120 891 332 903 379 0
120 959 333 974 379 0
120 848 346 864 391 0
120 553 391 575 444 0
120 286 461 311 542 0
121 490 289 508 323 0
121 558 312 575 350 0
121 607 315 622 350 0
121 738 326 754 374 0
121 774 335 791 382 0
121 787 331 802 374 0
121 889 332 901 379 0
121 941 332 957 378 0
121 957 333 973 380 0
121 842 348 859 393 0
121 855 346 870 393 0
121 555 390 576 444 0
121 288 461 313 542 0
122 488 288 505 323 0
122 555 313 572 351 0
122 604 314 620 350 0
122 736 325 751 374 0
122 770 335 787 382 0
122 941 333 958 380 0
122 955 333 972 380 0
122 840 349 858 394 0
122 861 346 877 394 0
122 556 390 577 443 0
122 290 461 315 544 0
123 486 288 502 323 0
123 553 314 570 352 0
123 601 314 617 350 0
123 733 326 749 373 0
123 766 334 783 381 0
123 941 335 958 380 0
123 953 334 971 381 0
123 837 350 855 395 0
123 868 348 883 396 0
123 557 389 578 442 0
123 292 464 318 546 0
124 485 289 502 323 0
124 552 315 568 352 0
124 597 315 614 350 0
124 730 327 746 374 0
124 762 334 778 382 0
124 941 335 957 381 0
124 951 334 969 381 0
124 834 350 852 396 0
124 867 349 881 397 0
124 558 390 579 441 0
124 294 467 320 548 0
125 481 291 499 324 0
125 547 314 564 352 0
125 595 315 611 351 0
125 727 328 742 375 0
125 758 333 775 382 0
125 940 335 956 380 0
125 830 350 849 397 0
125 864 349 880 398 0
125 949 338 967 383 0
125 560 390 579 441 0
125 296 469 323 549 0
126 479 291 497 324 0
126 487 292 504 324 0
126 546 314 563 353 0
126 592 314 607 352 0
126 725 328 738 377 0
126 755 333 771 383 0
126 937 335 954 380 0
126 947 334 965 382 0
126 828 349 846 397 0
126 861 349 878 398 0
126 561 389 580 439 0
126 299 470 324 549 0
127 476 291 493 325 0
127 544 314 561 354 0
127 590 315 606 352 0
127 721 329 735 377 0
127 752 334 768 383 0
127 935 335 952 379 0
127 945 334 962 381 0
127 825 348 843 398 0
127 859 349 875 399 0
127 562 388 582 438 0
127 301 469 326 551 0
128 474 290 490 325 0
128 541 315 559 355 0
128 587 316 604 353 0
128 724 329 740 377 0
128 750 333 765 381 0
128 934 335 951 379 0
128 944 334 961 381 0
128 823 349 841 399 0
128 857 349 874 401 0
128 304 470 328 553 0
128 137 572 166 647 0
129 472 291 489 326 0
129 538 315 556 356 0
129 577 318 594 354 0
129 585 317 602 354 0
129 712 327 729 374 0
129 730 331 747 378 0
129 749 332 764 379 0
129 944 334 960 381 0
129 820 350 838 399 0
129 857 348 873 400 0
129 929 339 947 383 0
129 306 471 330 556 0
129 141 567 170 646 0
130 469 291 488 325 0
130 535 315 553 356 0
130 584 318 601 355 0
130 711 328 727 375 0
130 738 332 754 379 0
130 820 351 839 399 0
130 857 346 873 397 0
130 929 339 946 383 0
130 307 473 332 558 0
130 144 561 173 644 0
131 467 292 485 326 0
131 533 316 549 357 0
131 579 316 594 354 0
131 586 319 602 356 0
131 709 327 724 376 0
131 738 332 755 382 0
131 932 336 947 379 0
131 809 350 828 398 0
131 827 352 845 400 0
131 861 344 877 393 0
131 309 476 335 560 0
131 147 555 176 642 0
132 465 292 482 327 0
132 530 316 547 357 0
132 576 316 592 354 0
132 706 327 721 376 0
132 735 333 752 383 0
132 929 336 945 380 0
132 809 351 828 399 0
132 834 354 852 402 0
132 862 342 880 389 0
132 311 477 337 559 0
132 151 552 181 639 0
133 463 292 479 328 0
133 528 317 545 358 0
133 573 317 590 354 0
133 702 328 719 376 0
133 731 333 748 382 0
133 807 352 826 398 0
133 837 357 856 404 0
133 863 341 881 387 0
133 906 343 923 386 0
133 927 339 942 383 0
133 312 477 339 560 0
133 155 549 183 636 0
134 461 293 477 327 0
134 526 319 543 359 0
134 571 317 588 355 0
134 699 328 716 375 0
134 727 333 745 380 0
134 927 337 943 380 0
134 804 352 823 398 0
134 835 357 853 406 0
134 860 341 878 387 0
134 909 341 924 385 0
134 316 479 344 559 0
134 157 541 186 627 0
135 458 294 474 328 0
135 525 320 540 360 0
135 568 317 585 355 0
135 697 329 712 375 0
135 725 332 742 380 0
135 925 337 941 380 0
135 801 352 821 400 0
135 832 357 850 407 0
135 858 342 875 389 0
135 908 339 923 384 0
135 317 480 347 563 0
135 162 540 190 628 0
136 455 294 472 328 0
136 524 320 539 361 0
136 565 317 581 355 0
136 694 328 708 376 0
136 722 332 739 380 0
136 909 336 923 381 0
136 923 337 939 380 0
136 798 352 818 402 0
136 829 357 847 407 0
136 855 343 873 391 0
136 319 483 351 567 0
136 165 538 195 628 0
137 454 295 469 329 0
137 522 322 537 361 0
137 562 317 578 354 0
137 692 329 708 376 0
137 719 333 735 380 0
137 907 335 921 381 0
137 795 353 815 403 0
137 826 357 844 408 0
137 853 343 871 391 0
137 921 340 938 382 0
137 322 484 353 567 0
137 170 536 200 627 0
138 451 295 465 329 0
138 519 323 535 361 0
138 560 318 576 354 0
138 695 331 712 377 0
138 716 333 732 379 0
138 792 353 811 403 0
138 823 358 842 409 0
138 851 343 869 393 0
138 902 342 918 385 0
138 918 340 936 383 0
138 325 486 355 567 0
138 173 534 203 624 0
139 450 296 465 328 0
139 516 322 531 361 0
139 558 318 573 354 0
139 678 328 694 372 0
139 701 332 717 377 0
139 716 332 731 376 0
139 789 353 809 403 0
139 820 359 839 409 0
139 850 343 868 394 0
139 900 342 916 385 0
139 915 341 933 384 0
139 327 486 357 569 0
139 176 533 207 621 0
140 448 296 463 328 0
140 514 322 529 362 0
140 530 322 546 360 0
140 555 318 570 354 0
140 678 331 694 377 0
140 706 332 720 377 0
140 787 353 807 404 0
140 819 358 838 408 0
140 847 343 866 394 0
140 897 341 912 385 0
140 912 342 930 385 0
140 329 487 359 572 0
140 178 532 209 620 0
141 445 296 461 328 0
141 511 323 527 363 0
141 540 321 556 357 0
141 553 319 567 355 0
141 676 332 692 379 0
141 705 332 721 378 0
141 787 355 808 404 0
141 822 356 841 405 0
141 846 343 865 394 0
141 897 342 913 386 0
141 911 343 929 386 0
141 331 488 360 574 0
141 182 530 215 616 0
142 442 295 457 329 0
142 509 323 525 364 0
142 547 319 562 356 0
142 672 332 690 380 0
142 702 332 719 380 0
142 775 355 794 402 0
142 793 357 814 405 0
142 829 351 849 400 0
142 899 342 915 387 0
142 911 343 929 387 0
142 333 488 362 575 0
142 185 525 216 614 0
143 440 296 454 329 0
143 507 325 522 365 0
143 546 320 561 355 0
143 669 333 687 380 0
143 699 333 716 380 0
143 776 356 795 404 0
143 798 360 820 408 0
143 834 348 855 397 0
143 902 343 920 389 0
143 913 344 930 388 0
143 335 489 364 575 0
143 176 526 203 609 0
143 189 521 218 610 0
144 438 296 452 329 0
144 505 326 520 367 0
144 542 320 558 355 0
144 666 334 682 380 0
144 696 333 712 378 0
144 775 357 794 406 0
144 801 362 823 411 0
144 836 345 857 397 0
144 904 342 921 387 0
144 337 490 367 577 0
144 192 518 222 606 0
145 435 297 451 329 0
145 503 326 519 368 0
145 539 320 554 356 0
145 662 334 678 379 0
145 693 333 709 378 0
145 773 357 791 407 0
145 801 364 822 413 0
145 835 346 854 398 0
145 903 341 919 387 0
145 339 493 371 581 0
145 195 516 225 603 0
146 433 297 449 328 0
146 501 326 517 368 0
146 536 321 551 357 0
146 658 334 674 380 0
146 690 333 707 378 0
146 771 358 789 407 0
146 799 364 818 413 0
146 833 346 852 399 0
146 901 340 917 387 0
146 591 368 613 432 0
146 341 496 374 583 0
146 198 514 228 603 0
147 430 297 446 329 0
147 499 327 515 368 0
147 534 321 549 357 0
147 654 335 672 380 0
147 687 334 703 379 0
147 768 358 787 408 0
147 797 365 815 414 0
147 832 346 850 401 0
147 898 341 914 389 0
147 592 366 614 430 0
147 343 497 376 585 0
147 202 513 233 602 0
148 428 297 442 329 0
148 497 329 513 369 0
148 531 322 547 358 0
148 658 334 675 379 0
148 684 334 700 378 0
148 764 358 783 408 0
148 794 364 812 415 0
148 831 346 848 402 0
148 895 341 911 387 0
148 593 366 615 427 0
148 160 518 187 581 0
148 205 509 236 595 0
148 346 497 380 585 0
149 425 297 440 328 0
149 494 331 511 370 0
149 529 323 545 358 0
149 647 333 662 377 0
149 665 334 681 379 0
149 684 334 699 377 0
149 598 363 617 415 0
149 761 359 781 410 0
149 791 364 810 416 0
149 830 347 846 402 0
149 867 344 883 390 0
149 891 342 906 387 0
149 156 515 184 586 0
149 208 508 240 593 0
149 348 495 382 588 0
150 423 297 438 328 0
150 492 331 508 371 0
150 526 322 541 358 0
150 646 335 661 379 0
150 672 334 688 379 0
150 757 359 778 411 0
150 788 364 808 417 0
150 829 347 845 400 0
150 866 344 882 389 0
150 888 344 903 386 0
150 153 512 184 590 0
150 211 508 242 589 0
150 351 495 385 591 0
151 421 298 437 328 0
151 491 331 506 371 0
151 524 322 538 359 0
151 643 335 659 379 0
151 672 334 689 380 0
151 754 360 775 413 0
151 784 364 805 417 0
151 826 347 843 400 0
151 864 344 880 390 0
151 155 510 185 590 0
151 217 510 249 589 0
151 354 498 387 595 0
152 415 298 430 330 0
152 422 297 437 328 0
152 493 330 509 370 0
152 521 323 536 359 0
152 639 336 656 380 0
152 670 335 687 381 0
152 750 360 771 413 0
152 823 348 842 400 0
152 861 344 878 390 0
152 766 368 787 422 0
152 781 368 801 420 0
152 158 508 188 589 0
152 219 509 252 588 0
152 357 501 390 598 0
153 413 298 427 331 0
153 483 328 498 371 0
153 501 328 517 367 0
153 518 324 535 359 0
153 636 336 653 381 0
153 665 336 683 381 0
153 604 363 624 410 0
153 749 361 769 415 0
153 785 361 809 415 0
153 819 349 840 401 0
153 857 345 875 391 0
153 779 368 800 421 0
153 162 507 192 587 0
153 222 506 252 584 0
153 360 503 393 599 0
154 410 298 424 332 0
154 482 330 497 373 0
154 508 327 525 363 0
154 518 324 535 359 0
154 633 336 649 381 0
154 661 336 679 380 0
154 605 363 625 409 0
154 744 361 762 416 0
154 753 362 774 417 0
154 816 350 839 401 0
154 857 345 875 392 0
154 773 369 794 423 0
154 166 504 195 584 0
154 224 503 254 581 0
154 363 505 395 600 0
155 408 299 423 332 0
155 481 331 496 374 0
155 512 324 528 361 0
155 520 324 535 358 0
155 658 335 674 379 0
155 606 363 626 408 0
155 628 338 644 383 0
155 743 362 761 418 0
155 758 363 781 419 0
155 814 350 836 402 0
155 857 346 875 394 0
155 769 368 792 423 0
155 170 502 198 581 0
155 227 498 255 577 0
155 365 505 399 602 0
156 574 273 588 299 0
156 405 300 421 333 0
156 480 332 495 375 0
156 510 323 524 361 0
156 655 335 671 379 0
156 608 363 628 408 0
156 624 339 640 384 0
156 741 363 760 418 0
156 812 350 833 403 0
156 858 346 874 395 0
156 766 368 789 422 0
156 174 500 200 580 0
156 229 495 257 575 0
156 368 505 403 605 0
157 573 272 587 298 0
157 403 300 418 333 0
157 477 332 493 375 0
157 507 324 522 361 0
157 630 336 647 381 0
157 653 335 669 379 0
157 610 358 630 407 0
157 620 340 637 386 0
157 739 363 758 419 0
157 808 351 829 404 0
157 857 345 874 395 0
157 763 369 785 423 0
157 176 500 203 580 0
157 231 492 259 574 0
157 373 511 406 608 0
158 572 272 586 297 0
158 400 301 415 335 0
158 474 333 491 375 0
158 504 325 520 361 0
158 636 335 652 380 0
158 651 335 667 378 0
158 611 356 631 406 0
158 620 341 637 389 0
158 737 363 755 419 0
158 807 350 828 404 0
158 824 348 842 401 0
158 857 346 874 397 0
158 760 370 781 424 0
158 178 500 206 578 0
158 233 491 261 573 0
158 376 512 407 609 0
159 571 271 585 297 0
159 397 301 411 336 0
159 471 333 489 376 0
159 501 325 518 361 0
159 642 333 658 379 0
159 650 332 666 376 0
159 612 352 631 405 0
159 623 340 641 390 0
159 805 350 826 406 0
159 834 346 851 399 0
159 858 347 875 398 0
159 737 365 756 422 0
159 756 371 777 426 0
159 185 496 214 574 0
159 235 489 265 572 0
159 380 516 411 610 0
160 571 270 584 297 0
160 395 302 409 337 0
160 469 333 487 376 0
160 498 324 515 361 0
160 642 333 658 379 0
160 612 352 630 404 0
160 803 351 823 406 0
160 842 346 859 398 0
160 858 348 876 397 0
160 733 366 752 421 0
160 752 372 773 427 0
160 187 495 215 573 0
160 236 488 267 570 0
160 383 514 413 611 0
161 570 271 583 298 0
161 393 301 406 334 0
161 467 332 485 376 0
161 496 324 511 361 0
161 639 333 656 380 0
161 610 349 630 400 0
161 622 343 641 392 0
161 800 351 821 406 0
161 840 347 857 398 0
161 858 348 875 396 0
161 729 367 748 422 0
161 750 372 771 427 0
161 189 493 218 570 0
161 239 488 269 568 0
161 386 515 415 614 0
162 569 271 582 298 0
162 465 333 482 376 0
162 493 325 509 361 0
162 635 334 653 379 0
162 607 346 628 394 0
162 618 348 637 395 0
162 798 351 819 407 0
162 838 348 855 398 0
162 856 348 873 395 0
162 727 367 747 423 0
162 748 373 768 429 0
162 192 491 220 569 0
162 241 487 270 568 0
162 390 516 419 618 0
163 568 271 581 297 0
163 463 334 479 377 0
163 490 326 507 362 0
163 630 334 650 380 0
163 604 342 623 390 0
163 617 350 637 398 0
163 795 351 818 408 0
163 836 349 853 399 0
163 854 348 870 396 0
163 727 368 747 426 0
163 746 371 768 429 0
163 195 490 222 568 0
163 244 487 272 566 0
163 394 518 422 620 0
164 567 271 580 297 0
164 463 334 480 376 0
164 487 327 504 362 0
164 625 333 645 381 0
164 599 341 618 388 0
164 618 347 638 399 0
164 792 352 816 410 0
164 833 349 850 400 0
164 852 349 868 397 0
164 727 369 747 428 0
164 747 371 770 428 0
164 245 483 273 561 0
164 199 488 226 566 0
164 397 521 425 619 0
165 566 271 579 296 0
165 466 332 482 373 0
165 486 325 502 361 0
165 458 340 476 381 0
165 595 340 612 387 0
165 618 345 639 399 0
165 789 353 813 410 0
165 830 349 848 401 0
165 850 350 866 399 0
165 725 370 745 428 0
165 246 481 274 559 0
165 203 488 229 563 0
165 398 523 428 622 0
166 565 270 578 296 0
166 469 330 484 372 0
166 486 323 501 360 0
166 456 339 473 382 0
166 592 340 608 388 0
166 618 344 639 398 0
166 786 354 809 411 0
166 830 349 847 401 0
166 848 350 863 399 0
166 712 369 729 425 0
166 724 373 745 430 0
166 206 485 231 557 0
166 251 479 277 555 0
166 400 525 432 627 0
167 564 269 577 295 0
167 470 329 485 370 0
167 454 339 470 383 0
167 580 343 595 388 0
167 588 341 604 387 0
167 619 344 639 397 0
167 784 354 806 412 0
167 831 348 847 400 0
167 847 348 862 398 0
167 710 370 729 425 0
167 725 375 747 432 0
167 209 484 233 557 0
167 252 477 278 554 0
167 403 527 436 633 0
168 564 269 577 294 0
168 470 328 486 367 0
168 604 335 619 378 0
168 453 341 469 382 0
168 582 341 596 387 0
168 591 340 606 387 0
168 622 345 641 397 0
168 782 355 804 413 0
168 831 348 848 400 0
168 848 346 862 398 0
168 707 373 729 427 0
168 724 378 747 435 0
168 211 482 235 557 0
168 237 477 262 550 0
168 254 477 280 553 0
168 407 530 440 637 0
169 563 268 576 294 0
169 470 327 486 365 0
169 607 335 622 378 0
169 452 342 469 382 0
169 581 341 595 385 0
169 595 340 611 385 0
169 624 347 642 398 0
169 780 357 802 412 0
169 830 349 847 401 0
169 706 374 727 428 0
169 721 379 745 436 0
169 213 480 238 556 0
169 228 478 253 550 0
169 256 477 282 553 0
169 412 534 446 635 0
170 562 268 575 294 0
170 469 326 484 364 0
170 604 334 620 378 0
170 449 341 465 383 0
170 578 342 593 386 0
170 626 348 643 399 0
170 780 358 801 412 0
170 828 350 847 403 0
170 703 375 725 429 0
170 717 379 741 436 0
170 215 477 239 554 0
170 258 477 284 552 0
170 415 533 448 637 0
171 561 268 574 294 0
171 467 326 481 365 0
171 601 334 619 378 0
171 447 341 463 384 0
171 575 343 590 386 0
171 627 349 644 398 0
171 774 358 796 413 0
171 790 356 810 409 0
171 827 352 846 404 0
171 702 375 723 430 0
171 714 380 737 436 0
171 220 476 245 552 0
171 261 475 285 551 0
171 418 532 451 638 0
172 560 268 574 293 0
172 465 326 479 364 0
172 597 335 617 379 0
172 445 342 460 385 0
172 570 341 586 386 0
172 628 348 646 396 0
172 772 359 794 414 0
172 799 354 820 407 0
172 828 352 847 404 0
172 701 377 724 434 0
172 712 380 735 438 0
172 222 474 246 550 0
172 263 474 287 548 0
172 422 533 453 639 0
173 559 268 573 293 0
173 462 327 477 364 0
173 594 336 613 380 0
173 442 343 458 386 0
173 565 341 582 386 0
173 629 347 647 395 0
173 768 360 793 414 0
173 807 352 827 404 0
173 828 352 846 404 0
173 701 379 725 437 0
173 711 380 736 439 0
173 225 473 249 549 0
173 265 474 289 546 0
173 426 540 458 645 0
174 559 268 573 293 0
174 459 327 475 365 0
174 590 336 609 381 0
174 440 344 456 387 0
174 561 341 578 386 0
174 631 346 648 395 0
174 765 361 791 415 0
174 805 352 824 406 0
174 828 352 846 405 0
174 699 379 725 439 0
174 714 378 738 437 0
174 228 474 253 546 0
174 267 473 291 544 0
174 428 542 460 648 0
175 559 268 573 293 0
175 457 327 472 365 0
175 588 336 605 381 0
175 440 343 456 387 0
175 558 341 575 386 0
175 633 346 649 394 0
175 762 361 788 416 0
175 802 354 821 408 0
175 826 353 844 407 0
175 696 380 720 440 0
175 231 472 256 544 0
175 269 471 294 542 0
175 431 544 463 649 0
176 558 268 572 293 0
176 447 335 460 375 0
176 457 325 472 363 0
176 440 341 455 386 0
176 556 342 572 386 0
176 586 338 603 383 0
176 635 345 651 393 0
176 759 360 784 417 0
176 799 355 818 408 0
176 824 354 842 407 0
176 692 380 716 440 0
176 234 470 258 541 0
176 272 470 296 540 0
176 434 545 467 651 0
177 558 268 571 293 0
177 447 334 460 375 0
177 574 336 590 378 0
177 439 340 454 386 0
177 548 344 562 389 0
177 561 341 577 385 0
177 586 339 604 384 0
177 637 343 653 391 0
177 757 360 780 418 0
177 796 356 815 408 0
177 821 355 840 407 0
177 689 381 714 442 0
177 236 469 259 540 0
177 274 469 298 538 0
177 437 545 471 653 0
178 557 268 571 293 0
178 348 313 361 345 0
178 444 333 457 375 0
178 576 337 591 378 0
178 437 340 452 385 0
178 548 343 562 387 0
178 567 340 583 384 0
178 589 342 606 386 0
178 638 341 655 390 0
178 753 360 776 419 0
178 793 355 812 408 0
178 819 355 838 407 0
178 686 383 712 444 0
178 238 469 261 538 0
178 276 469 299 536 0
178 445 554 482 657 0
179 557 267 570 292 0
179 346 313 358 345 0
179 442 334 456 376 0
179 573 337 589 379 0
179 434 340 450 386 0
179 546 343 561 386 0
179 640 341 658 388 0
179 751 361 773 419 0
179 790 355 810 408 0
179 816 354 835 406 0
179 675 379 697 437 0
179 682 385 709 445 0
179 241 468 263 538 0
179 278 467 301 536 0
179 447 556 485 658 0
180 557 267 570 291 0
180 344 314 357 346 0
180 440 333 453 374 0
180 433 342 448 389 0
180 543 343 558 386 0
180 572 339 587 382 0
180 641 341 660 388 0
180 749 362 770 419 0
180 790 356 812 408 0
180 814 355 833 407 0
180 680 385 705 444 0
180 243 467 266 535 0
180 279 464 303 534 0
180 452 556 488 657 0
181 557 267 570 291 0
181 431 343 446 392 0
181 567 339 583 381 0
181 643 341 662 388 0
181 793 357 815 409 0
181 812 356 831 409 0
181 674 384 698 442 0
181 747 365 768 422 0
181 245 466 269 534 0
181 284 462 309 532 0
181 457 557 490 658 0
182 557 267 570 291 0
182 563 340 579 381 0
182 645 340 662 388 0
182 755 361 777 418 0
182 795 358 817 410 0
182 812 358 831 408 0
182 673 386 697 446 0
182 742 365 762 425 0
182 247 466 272 532 0
182 266 463 291 532 0
182 285 461 311 530 0
182 463 556 494 662 0
183 557 267 570 291 0
183 531 346 546 390 0
183 559 339 575 382 0
183 647 339 662 387 0
183 765 359 785 416 0
183 795 357 815 410 0
183 672 389 695 448 0
183 741 365 761 424 0
183 249 464 273 531 0
183 287 461 313 529 0
183 468 556 499 666 0
184 557 267 569 291 0
184 527 347 541 390 0
184 556 339 571 382 0
184 651 342 664 386 0
184 773 357 792 414 0
184 796 357 814 411 0
184 669 389 692 449 0
184 738 365 759 423 0
184 253 460 277 531 0
184 290 461 315 529 0
184 472 558 502 667 0
184 484 590 514 669 0
185 556 267 569 291 0
185 329 314 341 348 0
185 524 348 538 390 0
185 554 339 569 381 0
185 652 342 665 385 0
185 774 357 793 415 0
185 797 358 814 412 0
185 666 390 688 449 0
185 735 365 757 424 0
185 255 458 279 529 0
185 292 459 317 527 0
185 479 565 512 666 0
186 556 266 568 291 0
186 325 313 339 346 0
186 545 338 559 377 0
186 516 349 530 393 0
186 529 346 543 388 0
186 553 341 567 382 0
186 653 343 666 384 0
186 773 359 792 416 0
186 796 358 814 413 0
186 663 390 683 449 0
186 732 365 753 425 0
186 293 451 319 523 0
186 257 457 281 527 0
186 481 564 515 670 0
187 555 266 568 291 0
187 323 313 337 346 0
187 543 339 558 377 0
187 559 332 571 370 0
187 515 349 531 393 0
187 535 344 550 385 0
187 555 345 569 383 0
187 653 342 666 382 0
187 771 359 790 416 0
187 793 359 811 413 0
187 660 392 680 451 0
187 728 365 749 427 0
187 257 453 281 523 0
187 294 448 322 520 0
187 486 565 520 670 0
188 554 266 567 291 0
188 320 314 332 346 0
188 513 351 529 393 0
188 539 342 554 382 0
188 653 341 666 382 0
188 768 359 786 415 0
188 790 360 808 414 0
188 657 393 676 451 0
188 724 366 745 429 0
188 259 454 282 523 0
188 296 447 324 517 0
188 490 565 526 672 0
189 554 266 566 291 0
189 317 314 330 347 0
189 325 315 338 349 0
189 509 351 526 394 0
189 537 341 551 383 0
189 653 339 667 382 0
189 764 358 782 416 0
189 787 360 805 415 0
189 653 392 672 451 0
189 720 367 742 431 0
189 261 453 284 522 0
189 299 448 326 517 0
189 495 572 536 682 0
190 553 266 565 292 0
190 314 315 328 348 0
190 654 336 668 380 0
190 506 351 521 395 0
190 533 341 547 384 0
190 761 359 779 417 0
190 784 361 802 417 0
190 650 389 669 447 0
190 717 368 739 431 0
190 264 451 288 521 0
190 302 449 328 517 0
190 498 575 543 685 0
191 553 266 565 291 0
191 312 315 326 347 0
191 655 336 669 380 0
191 501 351 516 395 0
191 530 342 545 385 0
191 760 360 780 417 0
191 780 362 800 418 0
191 644 391 663 449 0
191 715 369 737 431 0
191 267 449 291 519 0
191 304 448 331 516 0
191 508 582 548 682 0
192 553 266 565 291 0
192 309 315 324 348 0
192 656 335 671 380 0
192 497 352 512 396 0
192 527 343 542 385 0
192 760 360 780 418 0
192 779 362 798 418 0
192 641 392 661 451 0
192 713 370 735 430 0
192 270 448 294 517 0
192 307 447 334 514 0
192 511 577 552 685 0
193 553 266 565 291 0
193 306 316 320 349 0
193 657 334 672 380 0
193 493 353 509 396 0
193 524 344 538 385 0
193 759 360 779 419 0
193 779 362 799 415 0
193 638 393 659 453 0
193 709 371 730 432 0
193 272 447 296 515 0
193 310 446 336 513 0
193 514 576 561 692 0
194 553 266 564 292 0
194 303 316 315 352 0
194 657 334 674 380 0
194 496 351 511 394 0
194 521 343 535 385 0
194 755 360 775 419 0
194 634 393 656 454 0
194 706 372 729 432 0
194 726 366 747 429 0
194 765 364 786 425 0
194 274 447 298 514 0
194 313 447 338 513 0
194 520 578 568 696 0
195 553 266 564 291 0
195 657 334 674 380 0
195 503 348 517 391 0
195 520 343 534 385 0
195 741 359 761 420 0
195 755 361 775 420 0
195 702 372 727 433 0
195 763 364 784 425 0
195 628 396 653 457 0
195 277 447 301 514 0
195 314 445 338 511 0
195 526 582 575 701 0
196 553 266 564 291 0
196 657 334 675 379 0
196 482 353 497 398 0
196 510 345 524 387 0
196 521 345 536 385 0
196 742 361 761 420 0
196 699 373 724 434 0
196 762 364 782 424 0
196 624 398 650 456 0
196 280 445 304 512 0
196 305 442 329 509 0
196 318 442 341 504 0
196 530 584 578 701 0
197 553 266 564 291 0
197 657 332 675 378 0
197 479 354 495 398 0
197 511 345 526 386 0
197 696 373 720 435 0
197 740 364 758 426 0
197 760 365 780 425 0
197 621 399 648 456 0
197 282 442 305 510 0
197 295 440 320 508 0
197 321 438 343 502 0
197 540 586 587 699 0
198 553 267 564 291 0
198 658 330 675 376 0
198 475 355 492 398 0
198 508 345 523 386 0
198 694 374 717 436 0
198 738 365 756 426 0
198 757 366 776 426 0
198 619 399 644 455 0
198 286 440 310 508 0
198 323 436 346 500 0
198 547 585 586 696 0
199 551 264 562 289 0
199 659 329 676 376 0
199 472 354 489 399 0
199 505 345 519 388 0
199 691 374 713 436 0
199 735 365 752 425 0
199 754 368 773 426 0
199 617 399 640 457 0
199 287 441 310 507 0
199 325 436 348 500 0
199 552 589 599 704 0
200 551 264 562 289 0
200 661 330 677 376 0
200 469 354 486 398 0
200 499 345 514 389 0
200 687 375 709 436 0
200 731 366 749 425 0
200 752 368 771 427 0
200 615 399 637 458 0
200 289 441 311 506 0
200 327 435 350 500 0
200 557 593 606 706 0
201 551 263 562 289 0
201 663 330 678 376 0
201 465 356 483 398 0
201 495 345 510 389 0
201 685 375 706 435 0
201 729 368 748 425 0
201 750 369 768 428 0
201 611 403 631 465 0
201 291 441 314 505 0
201 329 435 353 499 0
201 562 594 611 704 0
202 551 264 561 289 0
202 664 329 680 375 0
202 462 357 479 399 0
202 491 345 507 388 0
202 683 377 703 435 0
202 729 369 749 425 0
202 748 370 766 429 0
202 610 404 629 464 0
202 294 440 317 504 0
202 332 433 356 498 0
202 574 605 621 712 0
203 551 263 561 289 0
203 665 328 680 374 0
203 463 355 480 398 0
203 488 345 503 388 0
203 682 377 701 436 0
203 731 371 750 426 0
203 747 372 765 430 0
203 297 439 321 502 0
203 335 432 358 497 0
203 582 596 619 707 0
204 550 263 561 289 0
204 667 328 682 373 0
204 448 356 464 399 0
204 467 350 483 395 0
204 487 343 502 388 0
204 679 376 696 437 0
204 690 375 708 435 0
204 732 372 750 427 0
204 300 438 324 502 0
204 337 431 360 497 0
204 590 596 624 709 0
205 550 263 561 289 0
205 668 327 683 371 0
205 449 357 465 400 0
205 473 346 488 391 0
205 488 344 503 388 0
205 676 378 694 438 0
205 700 373 717 432 0
205 731 372 750 429 0
205 302 437 327 501 0
205 339 431 362 497 0
205 597 599 635 719 0
206 550 263 561 289 0
206 668 326 683 370 0
206 447 357 464 399 0
206 475 346 490 389 0
206 672 379 693 438 0
206 709 372 727 429 0
206 729 372 748 430 0
206 304 435 329 499 0
206 341 430 364 496 0
206 598 607 640 717 0
207 550 263 561 289 0
207 669 325 684 369 0
207 444 357 461 398 0
207 474 346 490 389 0
207 669 379 689 440 0
207 709 372 726 429 0
207 729 371 747 431 0
207 308 433 330 496 0
207 344 428 367 493 0
207 610 607 648 719 0
208 549 263 560 289 0
208 670 324 686 368 0
208 441 355 458 397 0
208 471 347 487 389 0
208 666 379 686 441 0
208 705 373 723 431 0
208 727 373 745 432 0
208 311 432 332 494 0
208 346 428 368 491 0
208 617 607 653 719 0
209 549 262 560 289 0
209 358 336 374 372 0
209 672 323 687 367 0
209 467 347 483 389 0
209 663 380 682 442 0
209 702 372 719 431 0
209 725 375 742 435 0
209 348 425 367 487 0
209 313 431 334 492 0
209 622 611 661 719 0
210 548 262 559 288 0
210 356 337 371 372 0
210 673 322 687 367 0
210 358 361 375 403 0
210 463 347 478 389 0
210 660 380 678 442 0
210 698 372 715 431 0
210 721 376 740 436 0
210 345 426 364 486 0
210 315 430 337 492 0
210 332 429 353 491 0
210 352 430 373 489 0
210 627 615 671 719 0
211 548 262 559 288 0
211 348 332 361 369 0
211 356 336 370 372 0
211 674 322 688 367 0
211 357 364 373 409 0
211 459 347 475 390 0
211 657 382 676 442 0
211 694 373 713 432 0
211 718 378 738 437 0
211 316 427 335 485 0
211 337 426 356 486 0
211 323 429 344 491 0
211 354 430 374 488 0
211 626 618 679 719 0
212 547 261 559 288 0
212 350 335 364 373 0
212 357 334 371 369 0
212 675 323 689 367 0
212 355 367 370 412 0
212 442 350 458 395 0
212 456 347 472 391 0
212 654 384 674 442 0
212 695 375 713 432 0
212 716 378 735 437 0
212 355 427 375 485 0
212 322 429 343 490 0
212 638 623 685 719 0
213 547 261 558 288 0
213 348 335 362 372 0
213 676 322 690 366 0
213 351 353 365 397 0
213 445 350 462 393 0
213 454 348 470 391 0
213 356 373 368 415 0
213 645 383 663 440 0
213 652 384 671 442 0
213 699 377 717 434 0
213 714 378 733 438 0
213 357 425 377 483 0
213 325 428 346 490 0
213 647 623 692 719 0
214 547 261 558 288 0
214 345 334 360 371 0
214 677 322 691 366 0
214 357 368 372 410 0
214 447 348 463 391 0
214 455 348 470 391 0
214 352 373 366 416 0
214 645 384 663 444 0
214 659 380 677 439 0
214 702 378 720 434 0
214 713 378 732 438 0
214 328 425 347 485 0
214 359 423 379 482 0
214 657 621 701 719 0
215 547 261 558 287 0
215 343 333 356 371 0
215 679 321 692 366 0
215 444 347 459 391 0
215 350 373 366 415 0
215 643 385 663 447 0
215 667 377 685 435 0
215 703 380 722 437 0
215 329 425 349 486 0
215 361 422 381 482 0
216 547 261 559 287 0
216 341 331 354 370 0
216 680 322 693 366 0
216 441 347 456 391 0
216 348 373 364 415 0
216 639 387 661 449 0
216 676 375 694 433 0
216 701 382 722 438 0
216 331 425 351 486 0
216 362 422 383 481 0
217 547 261 559 286 0
217 680 322 694 365 0
217 438 347 452 391 0
217 345 372 361 415 0
217 636 387 658 449 0
217 675 376 692 434 0
217 700 384 721 440 0
217 333 425 353 485 0
217 364 421 385 479 0
218 548 261 559 286 0
218 681 321 694 364 0
218 436 350 449 392 0
218 343 372 357 415 0
218 633 387 654 450 0
218 672 377 689 435 0
218 698 384 717 440 0
218 335 422 356 483 0
218 367 420 388 478 0
219 548 261 559 286 0
219 682 319 697 363 0
219 339 372 353 415 0
219 630 388 649 450 0
219 668 378 684 436 0
219 695 384 713 441 0
219 337 420 358 481 0
219 369 419 390 477 0
220 548 261 559 286 0
220 333 333 344 371 0
220 683 319 697 363 0
220 336 374 351 416 0
220 626 389 644 450 0
220 665 379 680 437 0
220 692 384 710 443 0
220 338 419 360 480 0
220 371 419 392 476 0
221 547 261 559 287 0
221 329 337 340 374 0
221 683 319 698 364 0
221 331 351 343 389 0
221 334 375 349 420 0
221 623 391 641 450 0
221 662 380 678 438 0
221 688 385 706 443 0
221 340 419 363 479 0
221 372 418 393 476 0
222 548 261 559 287 0
222 319 336 331 370 0
222 325 339 337 375 0
222 683 319 698 364 0
222 333 377 349 423 0
222 620 393 638 450 0
222 658 382 676 438 0
222 685 386 703 443 0
222 342 418 365 477 0
222 373 416 395 474 0
223 548 262 560 287 0
223 320 340 332 374 0
223 684 319 698 363 0
223 324 349 337 384 0
223 331 378 348 425 0
223 611 392 628 448 0
223 625 392 643 448 0
223 658 384 677 438 0
223 683 385 700 442 0
223 345 417 368 475 0
223 374 413 396 472 0
224 549 262 561 287 0
224 685 318 698 362 0
224 319 343 332 379 0
224 325 356 338 393 0
224 328 378 345 424 0
224 611 393 629 452 0
224 634 389 651 447 0
224 660 384 679 440 0
224 683 383 699 439 0
224 347 417 369 474 0
224 370 412 393 470 0
225 550 262 561 286 0
225 686 316 699 362 0
225 317 343 330 379 0
225 325 378 342 424 0
225 609 394 627 453 0
225 642 386 660 444 0
225 663 384 681 442 0
225 348 418 370 473 0
225 363 413 385 471 0
225 530 420 554 482 0
226 550 261 562 285 0
226 314 340 326 375 0
226 687 315 700 362 0
226 323 378 339 424 0
226 643 385 660 443 0
226 664 385 682 444 0
226 350 418 370 473 0
226 527 419 551 480 0
226 605 396 624 458 0
227 551 261 562 284 0
227 312 340 325 374 0
227 687 315 701 361 0
227 367 364 380 403 0
227 318 377 333 426 0
227 639 385 658 443 0
227 353 415 375 473 0
227 526 418 549 481 0
227 601 398 620 458 0
227 766 667 823 716 0
228 551 261 562 284 0
228 309 340 324 373 0
228 688 314 703 360 0
228 364 365 378 405 0
228 316 377 331 426 0
228 327 382 343 426 0
228 637 385 656 443 0
228 659 388 679 446 0
228 355 414 375 472 0
228 525 418 546 481 0
228 596 397 616 460 0
228 773 664 827 718 0
229 553 263 564 287 0
229 308 339 321 373 0
229 689 314 703 360 0
229 361 366 375 407 0
229 312 378 328 426 0
229 634 386 652 442 0
229 656 389 676 445 0
229 356 413 375 470 0
229 524 418 544 482 0
229 593 397 611 460 0
229 782 664 835 718 0
230 553 263 564 287 0
230 306 337 318 372 0
230 689 315 704 360 0
230 306 352 320 390 0
230 349 363 362 402 0
230 358 366 372 407 0
230 308 379 326 426 0
230 631 388 649 443 0
230 653 389 673 444 0
230 358 412 376 468 0
230 521 418 543 483 0
230 589 397 607 460 0
231 553 263 564 287 0
231 690 315 705 359 0
231 350 364 364 406 0
231 356 365 371 406 0
231 304 380 322 428 0
231 630 387 647 443 0
231 651 390 669 446 0
231 360 411 377 466 0
231 518 419 542 484 0
232 553 262 564 287 0
232 691 315 707 359 0
232 348 365 364 408 0
232 358 364 373 405 0
232 301 380 319 429 0
232 630 388 648 443 0
232 650 389 666 446 0
232 360 411 378 464 0
232 518 421 541 484 0
233 553 262 564 287 0
233 693 314 708 357 0
233 344 367 361 408 0
233 298 380 317 432 0
233 629 389 648 443 0
233 651 388 666 444 0
233 361 410 381 464 0
233 510 417 530 479 0
233 519 423 541 484 0
233 576 404 593 461 0
234 553 262 564 287 0
234 694 313 709 356 0
234 342 366 358 406 0
234 296 379 315 433 0
234 610 390 626 446 0
234 629 390 648 444 0
234 361 409 383 463 0
234 507 418 527 479 0
234 520 424 542 485 0
234 576 404 593 463 0
235 553 262 564 286 0
235 695 313 710 356 0
235 340 363 355 404 0
235 612 390 629 446 0
235 629 391 648 445 0
235 362 409 386 462 0
235 503 419 523 479 0
235 520 424 542 486 0
235 573 404 591 467 0
236 553 262 564 286 0
236 696 313 711 356 0
236 337 361 351 404 0
236 611 391 629 445 0
236 628 391 647 447 0
236 365 408 388 461 0
236 499 420 519 478 0
236 520 425 542 487 0
236 570 406 589 470 0
237 553 261 565 285 0
237 697 313 712 355 0
237 333 363 350 406 0
237 362 359 377 402 0
237 609 392 628 444 0
237 626 392 645 448 0
237 367 409 390 461 0
237 495 421 514 480 0
237 566 408 586 469 0
237 520 428 541 490 0
238 553 260 565 284 0
238 697 313 714 355 0
238 328 364 346 408 0
238 357 357 373 398 0
238 608 393 627 446 0
238 621 393 641 449 0
238 369 408 392 460 0
238 491 421 511 480 0
238 562 409 582 469 0
238 520 428 541 490 0
238 870 685 941 719 0
239 553 260 565 283 0
239 171 327 186 364 0
239 698 312 716 354 0
239 316 362 332 406 0
239 331 363 349 406 0
239 354 356 372 397 0
239 605 394 624 446 0
239 619 393 638 447 0
239 372 408 394 459 0
239 488 421 508 482 0
239 557 411 578 470 0
239 520 429 541 491 0
239 892 691 958 717 0
240 553 260 565 283 0
240 168 326 182 363 0
240 698 311 716 354 0
240 318 363 333 407 0
240 338 360 355 403 0
240 354 356 370 397 0
240 601 395 620 447 0
240 485 422 506 482 0
240 553 413 575 473 0
240 520 429 542 492 0
240 893 689 964 719 0
241 553 260 565 283 0
241 166 326 180 362 0
241 699 311 717 354 0
241 316 365 333 409 0
241 345 358 361 401 0
241 356 356 371 397 0
241 484 422 506 481 0
241 550 414 573 474 0
241 520 430 544 492 0
241 901 692 974 719 0
242 553 260 564 283 0
242 164 327 178 362 0
242 700 311 718 354 0
242 313 365 331 408 0
242 347 357 361 399 0
242 477 423 498 483 0
242 487 422 510 479 0
242 520 431 545 493 0
242 928 696 992 719 0
243 550 258 561 281 0
243 162 328 177 361 0
243 702 310 719 353 0
243 310 365 327 408 0
243 343 355 357 399 0
243 265 389 286 441 0
243 474 424 495 484 0
243 532 423 557 485 0
243 519 432 544 495 0
243 936 695 1000 719 0
244 550 258 560 281 0
244 554 259 566 283 0
244 161 327 175 361 0
244 703 310 720 353 0
244 306 365 322 409 0
244 339 352 353 398 0
244 263 392 286 444 0
244 470 424 491 484 0
244 537 421 559 482 0
244 518 434 543 497 0
245 549 257 560 280 0
245 160 325 173 362 0
245 704 309 720 353 0
245 303 363 319 408 0
245 261 393 284 445 0
245 466 425 488 485 0
245 537 419 558 480 0
245 517 435 541 499 0
246 548 257 559 280 0
246 155 324 169 363 0
246 705 309 721 353 0
246 331 351 344 399 0
246 259 392 281 445 0
246 461 425 484 486 0
246 536 418 556 480 0
246 575 401 597 456 0
246 516 435 540 500 0
247 154 324 167 364 0
247 705 308 722 353 0
247 328 352 341 399 0
247 257 392 277 445 0
247 456 423 480 487 0
247 533 417 553 481 0
247 573 401 595 457 0
247 516 435 539 501 0
248 152 325 166 364 0
248 706 309 722 352 0
248 311 357 327 402 0
248 325 353 339 398 0
248 256 391 276 442 0
248 453 423 476 488 0
248 530 417 550 484 0
248 570 402 592 457 0
248 445 439 462 488 0
248 516 434 539 504 0
249 149 325 162 363 0
249 706 308 723 351 0
249 317 356 332 400 0
249 255 391 275 440 0
249 567 402 587 458 0
249 447 436 466 487 0
249 516 436 539 507 0
250 146 326 159 363 0
250 707 307 723 350 0
250 317 356 332 400 0
250 323 352 338 397 0
250 248 394 269 439 0
250 416 392 431 442 0
250 563 404 583 458 0
250 446 433 466 486 0
250 515 436 540 509 0
251 707 304 723 348 0
251 314 356 330 399 0
251 246 395 268 441 0
251 415 392 431 442 0
251 562 405 582 459 0
251 442 433 462 486 0
251 515 437 539 508 0
252 709 307 725 349 0
252 310 356 327 398 0
252 243 396 265 445 0
252 415 392 431 441 0
252 563 406 584 459 0
252 437 433 458 487 0
252 515 435 540 507 0
253 709 304 724 347 0
253 307 357 324 399 0
253 241 397 263 447 0
253 563 405 585 461 0
253 432 432 454 488 0
253 511 440 535 512 0
254 710 305 725 346 0
254 302 358 317 400 0
254 238 399 260 448 0
254 560 405 582 462 0
254 427 431 450 490 0
254 510 441 534 515 0
255 711 305 725 346 0
255 299 358 312 401 0
255 234 399 257 448 0
255 537 409 557 481 0
255 558 406 579 463 0
255 422 431 446 491 0
255 509 441 534 516 0
256 712 305 726 345 0
256 231 399 255 449 0
256 540 408 560 475 0
256 556 407 577 463 0
256 419 431 442 492 0
256 508 440 533 517 0
257 713 305 726 345 0
257 420 389 441 448 0
257 229 401 251 452 0
257 539 408 558 472 0
257 556 409 577 464 0
257 419 433 440 492 0
257 507 438 532 518 0
258 713 305 726 345 0
258 243 359 260 403 0
258 422 390 443 446 0
258 228 401 250 453 0
258 536 407 555 471 0
258 555 410 576 464 0
258 506 436 532 521 0
259 716 306 730 344 0
259 244 366 264 410 0
259 235 384 258 433 0
259 427 389 445 443 0
259 226 404 248 455 0
259 504 436 531 525 0
260 716 306 730 344 0
260 241 367 261 411 0
260 431 388 447 443 0
260 226 407 247 456 0
260 504 438 531 527 0
261 716 305 730 344 0
261 237 366 256 411 0
261 434 385 449 442 0
261 213 409 237 456 0
261 534 411 556 469 0
261 504 440 531 528 0
262 716 305 731 344 0
262 232 364 250 411 0
262 435 383 450 439 0
262 212 407 235 458 0
262 536 411 557 466 0
262 503 445 529 528 0
263 717 306 732 344 0
263 228 363 246 410 0
263 437 382 452 437 0
263 209 406 234 461 0
263 535 412 554 470 0
263 518 428 540 501 0
263 499 456 523 531 0
264 718 305 733 343 0
264 225 364 244 410 0
264 439 384 453 435 0
264 207 408 231 463 0
264 530 414 549 478 0
264 517 426 538 498 0
264 496 458 520 532 0
265 719 304 734 343 0
265 225 364 243 410 0
265 440 383 455 434 0
265 204 409 229 465 0
265 524 416 544 484 0
265 377 446 397 494 0
265 494 458 518 534 0
266 720 303 735 342 0
266 228 362 244 407 0
266 440 382 457 433 0
266 202 410 227 466 0
266 515 414 531 488 0
266 522 416 542 486 0
266 379 445 398 494 0
266 491 459 516 535 0
267 721 303 735 343 0
267 440 380 458 432 0
267 200 410 225 467 0
267 514 413 531 485 0
267 524 416 543 483 0
267 375 446 395 497 0
267 490 459 514 537 0
268 721 302 736 343 0
268 441 380 460 430 0
268 198 409 224 468 0
268 513 413 531 481 0
268 524 415 543 478 0
268 371 448 391 500 0
268 489 461 513 540 0
269 722 302 736 342 0
269 444 381 461 429 0
269 453 382 469 430 0
269 195 408 222 469 0
269 511 413 529 480 0
269 525 416 543 476 0
269 367 449 388 501 0
269 487 465 512 542 0
270 721 301 736 342 0
270 443 379 459 428 0
270 453 381 468 430 0
270 193 409 218 470 0
270 509 415 528 480 0
270 524 416 542 477 0
270 363 449 385 503 0
270 485 468 510 542 0
271 721 301 735 341 0
271 248 354 265 399 0
271 438 378 454 427 0
271 453 379 469 429 0
271 191 409 215 470 0
271 508 416 526 482 0
271 523 418 542 481 0
271 360 448 382 504 0
271 482 469 509 541 0
272 721 301 736 341 0
272 196 361 211 413 0
272 247 356 265 399 0
272 432 377 447 427 0
272 455 378 470 428 0
272 190 409 212 470 0
272 506 417 524 481 0
272 523 419 542 484 0
272 356 448 378 505 0
272 480 468 508 542 0
273 722 301 736 341 0
273 193 361 209 411 0
273 242 356 260 398 0
273 428 378 442 427 0
273 457 377 472 427 0
273 188 408 210 472 0
273 504 416 523 480 0
273 523 419 542 484 0
273 352 449 376 506 0
273 477 469 503 546 0
274 722 301 736 340 0
274 191 361 207 409 0
274 238 357 256 398 0
274 427 376 442 426 0
274 458 377 474 426 0
274 184 411 206 472 0
274 502 417 522 481 0
274 522 419 542 486 0
274 347 449 370 506 0
274 529 426 551 498 0
274 475 470 501 549 0
275 722 301 736 339 0
275 236 356 252 398 0
275 428 375 443 424 0
275 459 376 475 425 0
275 182 413 204 475 0
275 500 418 521 484 0
275 520 419 540 487 0
275 344 450 368 507 0
275 532 428 555 501 0
275 472 471 499 551 0
276 722 301 736 339 0
276 183 366 199 411 0
276 233 356 249 398 0
276 431 373 445 423 0
276 459 375 476 424 0
276 180 416 201 476 0
276 498 420 520 487 0
276 518 419 539 489 0
276 341 450 363 508 0
276 533 429 558 502 0
276 469 472 497 552 0
277 722 301 736 340 0
277 230 356 246 398 0
277 178 373 196 416 0
277 461 374 478 423 0
277 178 418 199 479 0
277 496 420 519 487 0
277 516 420 538 490 0
277 337 452 359 509 0
277 535 432 560 507 0
277 467 473 495 553 0
278 722 300 737 339 0
278 227 356 243 398 0
278 175 372 194 416 0
278 464 372 480 423 0
278 176 419 197 480 0
278 495 420 517 487 0
278 516 421 538 490 0
278 333 454 354 511 0
278 537 434 561 510 0
278 466 475 492 556 0
279 722 299 737 338 0
279 174 351 191 394 0
279 225 356 241 398 0
279 173 372 191 418 0
279 441 372 455 422 0
279 466 372 482 423 0
279 173 421 194 481 0
279 494 421 516 487 0
279 517 421 537 488 0
279 330 455 350 512 0
279 539 437 562 513 0
279 465 478 490 559 0
280 721 298 736 338 0
280 172 350 188 392 0
280 223 355 240 399 0
280 170 371 188 419 0
280 442 372 456 422 0
280 469 371 484 422 0
280 170 423 192 481 0
280 494 422 515 489 0
280 517 421 537 487 0
280 326 456 347 515 0
280 540 436 562 511 0
280 463 481 489 560 0
281 721 297 735 337 0
281 170 347 186 387 0
281 222 354 239 400 0
281 166 372 182 420 0
281 442 372 456 422 0
281 471 370 487 420 0
281 167 426 189 483 0
281 493 424 515 489 0
281 518 421 538 488 0
281 323 457 344 517 0
281 538 434 561 510 0
281 549 440 571 513 0
281 460 482 487 559 0
282 721 297 735 336 0
282 167 347 183 386 0
282 217 354 235 399 0
282 153 375 169 424 0
282 161 373 178 421 0
282 443 372 457 421 0
282 474 369 490 418 0
282 164 425 186 484 0
282 493 424 515 490 0
282 519 422 539 490 0
282 320 458 341 518 0
282 533 430 557 507 0
282 547 440 571 515 0
282 457 483 485 558 0
283 721 296 735 335 0
283 165 348 181 386 0
283 214 354 229 398 0
283 158 374 175 420 0
283 444 371 459 420 0
283 476 369 492 417 0
283 160 426 181 485 0
283 493 424 515 490 0
283 522 421 542 492 0
283 528 428 551 505 0
283 548 439 573 516 0
283 314 462 337 525 0
283 453 483 483 559 0
284 722 296 735 335 0
284 163 348 179 385 0
284 476 367 492 416 0
284 153 373 170 422 0
284 445 370 461 419 0
284 158 425 178 486 0
284 494 424 516 490 0
284 151 436 167 494 0
284 524 425 547 503 0
284 549 441 575 517 0
284 313 462 335 525 0
284 449 483 480 560 0
285 721 296 735 334 0
285 162 350 176 388 0
285 476 367 494 416 0
285 151 374 168 424 0
285 159 376 176 422 0
285 446 369 462 418 0
285 152 424 171 488 0
285 493 424 515 496 0
285 523 424 545 502 0
285 552 444 577 519 0
285 311 462 332 526 0
285 440 486 473 567 0
286 721 297 735 334 0
286 162 351 176 391 0
286 447 367 464 415 0
286 478 366 495 415 0
286 146 374 164 425 0
286 152 430 170 492 0
286 494 426 515 498 0
286 524 424 545 500 0
286 309 463 329 528 0
286 440 485 471 567 0
287 721 297 735 334 0
287 151 352 165 391 0
287 448 367 464 415 0
287 479 366 496 414 0
287 486 365 502 410 0
287 141 375 159 424 0
287 150 431 168 493 0
287 494 428 516 500 0
287 524 426 545 498 0
287 306 465 326 530 0
287 438 485 467 567 0
288 720 297 735 334 0
288 150 347 166 384 0
288 449 367 465 415 0
288 471 366 487 413 0
288 485 365 502 411 0
288 136 375 154 422 0
288 147 432 165 494 0
288 494 430 517 500 0
288 525 428 546 498 0
288 561 447 583 524 0
288 303 466 324 531 0
288 436 485 461 570 0
289 719 296 734 332 0
289 150 346 165 381 0
289 450 365 466 414 0
289 461 366 479 413 0
289 486 365 503 411 0
289 134 376 150 423 0
289 145 433 163 496 0
289 495 432 517 500 0
289 526 429 545 498 0
289 563 449 585 523 0
289 300 467 322 533 0
289 432 486 457 573 0
290 719 295 733 331 0
290 148 347 163 381 0
290 453 365 471 413 0
290 489 364 504 410 0
290 131 378 146 424 0
290 495 433 517 500 0
290 525 431 545 499 0
290 564 450 585 520 0
290 297 468 320 533 0
290 428 488 454 577 0
291 718 294 732 330 0
291 145 348 160 383 0
291 453 364 471 412 0
291 492 363 506 410 0
291 495 433 516 501 0
291 525 432 546 502 0
291 564 449 586 521 0
291 295 470 318 534 0
291 425 490 452 578 0
292 717 294 731 330 0
292 143 350 157 386 0
292 193 357 208 400 0
292 455 364 473 410 0
292 493 362 507 409 0
292 495 434 516 503 0
292 524 434 546 506 0
292 291 471 316 535 0
292 421 491 448 577 0
293 717 294 731 329 0
293 191 356 206 399 0
293 456 363 474 410 0
293 495 361 508 408 0
293 496 434 517 504 0
293 525 434 546 509 0
293 288 472 313 537 0
293 417 492 445 578 0
294 717 293 730 328 0
294 187 355 203 396 0
294 459 363 476 409 0
294 496 361 509 407 0
294 497 434 517 504 0
294 525 435 546 509 0
294 285 472 310 540 0
294 409 495 439 581 0
295 716 292 730 328 0
295 186 356 202 397 0
295 461 361 478 408 0
295 497 360 510 407 0
295 497 435 517 505 0
295 526 436 546 509 0
295 281 471 304 542 0
295 407 496 438 581 0
296 716 292 730 328 0
296 184 356 199 398 0
296 463 361 480 406 0
296 498 358 511 406 0
296 497 436 517 507 0
296 527 436 547 509 0
296 279 472 302 544 0
296 403 497 435 583 0
297 716 292 729 328 0
297 180 356 196 398 0
297 465 361 482 405 0
297 499 357 512 404 0
297 497 438 517 509 0
297 527 437 548 511 0
297 277 474 300 546 0
297 399 498 429 583 0
298 715 291 729 327 0
298 178 357 194 399 0
298 466 361 483 405 0
298 500 356 514 403 0
298 497 440 517 511 0
298 527 438 548 513 0
298 275 476 299 548 0
298 395 499 423 588 0
299 714 290 728 326 0
299 176 359 192 399 0
299 469 360 486 405 0
299 501 356 515 403 0
299 496 442 517 513 0
299 527 439 549 514 0
299 271 477 297 549 0
299 392 501 419 593 0
300 715 289 727 326 0
300 471 358 487 405 0
300 503 356 516 403 0
300 497 443 518 513 0
300 527 441 549 514 0
300 267 479 294 549 0
300 152 504 182 579 0
300 387 504 415 597 0
301 715 289 726 325 0
301 472 357 488 404 0
301 504 355 518 402 0
301 496 444 518 516 0
301 527 442 549 516 0
301 263 481 291 550 0
301 152 499 184 582 0
301 383 506 412 598 0
302 714 288 726 325 0
302 474 357 489 403 0
302 506 354 519 401 0
302 496 446 517 518 0
302 526 443 549 520 0
302 260 483 288 551 0
302 154 494 186 581 0
302 377 509 405 597 0
303 714 288 726 325 0
303 165 357 182 398 0
303 475 356 491 402 0
303 507 353 522 399 0
303 496 448 517 521 0
303 526 444 549 523 0
303 257 485 284 553 0
303 158 493 187 577 0
303 374 510 403 599 0
304 713 288 725 325 0
304 163 356 180 398 0
304 477 355 493 401 0
304 508 353 523 399 0
304 496 449 518 523 0
304 528 446 550 526 0
304 254 486 280 555 0
304 161 491 189 574 0
304 369 509 399 601 0
305 713 288 725 324 0
305 160 356 177 397 0
305 479 354 495 400 0
305 509 353 524 398 0
305 496 450 518 524 0
305 529 447 550 527 0
305 252 486 278 556 0
305 165 490 193 570 0
305 364 515 397 603 0
306 712 288 724 323 0
306 158 356 175 396 0
306 481 353 498 398 0
306 508 352 524 397 0
306 497 450 518 525 0
306 529 449 551 527 0
306 246 487 271 557 0
306 617 467 645 556 0
306 168 490 197 570 0
306 359 516 393 603 0
307 711 287 724 323 0
307 159 355 175 395 0
307 482 353 499 397 0
307 507 351 522 395 0
307 496 449 518 526 0
307 529 448 551 529 0
307 243 487 269 557 0
307 254 485 278 549 0
307 619 465 648 556 0
307 171 490 200 568 0
307 353 518 387 604 0
308 711 287 723 323 0
308 482 353 500 397 0
308 503 351 519 394 0
308 496 450 517 528 0
308 528 448 551 530 0
308 621 467 651 559 0
308 174 488 203 568 0
308 240 491 266 561 0
308 350 521 381 606 0
309 710 287 723 323 0
309 150 355 166 395 0
309 483 352 500 398 0
309 501 351 517 395 0
309 495 454 517 532 0
309 528 452 552 532 0
309 624 469 653 560 0
309 176 486 206 566 0
309 235 491 263 563 0
309 342 522 371 609 0
310 709 286 722 322 0
310 148 355 163 395 0
310 483 351 499 398 0
310 178 481 207 561 0
310 493 454 515 534 0
310 528 451 552 533 0
310 625 471 655 559 0
310 232 493 260 564 0
310 338 525 369 614 0
311 708 286 721 322 0
311 145 355 161 395 0
311 185 478 215 557 0
311 492 454 515 536 0
311 527 452 552 534 0
311 628 473 656 560 0
311 229 494 257 566 0
311 332 527 364 616 0
312 707 286 720 322 0
312 143 354 158 394 0
312 187 478 216 558 0
312 490 455 515 539 0
312 526 453 551 535 0
312 629 474 659 561 0
312 226 495 253 567 0
312 327 528 359 616 0
313 706 286 719 322 0
313 141 353 157 395 0
313 190 477 217 558 0
313 489 458 515 540 0
313 525 455 551 537 0
313 632 476 663 563 0
313 222 494 249 570 0
313 321 530 352 616 0
314 706 287 719 322 0
314 140 353 156 395 0
314 518 342 533 387 0
314 194 475 219 557 0
314 488 461 514 541 0
314 525 458 550 539 0
314 633 478 667 564 0
314 205 490 234 571 0
314 219 494 246 572 0
314 316 532 348 617 0
315 705 286 718 321 0
315 137 353 153 395 0
315 518 342 533 387 0
315 197 473 223 560 0
315 486 462 513 542 0
315 525 460 550 541 0
315 209 489 240 575 0
315 635 483 672 568 0
315 308 533 340 620 0
316 705 285 719 320 0
316 133 354 150 395 0
316 503 346 518 391 0
316 519 343 534 388 0
316 484 461 510 542 0
316 524 461 550 544 0
316 208 486 239 576 0
316 636 483 672 569 0
316 304 533 336 622 0
317 705 285 719 320 0
317 130 354 146 394 0
317 501 345 516 390 0
317 520 343 536 388 0
317 481 461 508 543 0
317 524 462 550 546 0
317 208 488 238 577 0
317 643 482 676 572 0
317 299 534 329 624 0
318 704 285 718 319 0
318 127 353 144 394 0
318 499 345 515 389 0
318 520 344 537 387 0
318 156 411 177 463 0
318 479 463 507 543 0
318 524 464 549 546 0
318 208 494 237 579 0
318 646 482 678 574 0
318 294 536 323 626 0
319 702 285 717 319 0
319 126 353 142 392 0
319 499 345 515 389 0
319 521 343 539 386 0
319 157 409 179 461 0
319 477 466 504 545 0
319 524 465 549 546 0
319 205 500 233 581 0
319 650 484 682 576 0
319 277 537 304 616 0
319 288 538 318 630 0
320 701 285 716 319 0
320 126 352 141 392 0
320 500 345 516 389 0
320 522 343 540 387 0
320 161 410 182 460 0
320 212 468 237 554 0
320 475 467 501 545 0
320 523 467 549 547 0
320 202 500 230 580 0
320 653 486 686 576 0
320 283 540 315 631 0
321 699 284 714 319 0
321 122 352 136 391 0
321 501 345 517 389 0
321 523 343 541 386 0
321 165 407 186 458 0
321 213 466 239 550 0
321 473 468 499 547 0
321 523 467 550 550 0
321 199 503 228 581 0
321 655 487 689 577 0
321 274 542 308 632 0
322 120 351 136 391 0
322 502 345 518 387 0
322 524 343 541 385 0
322 168 406 189 457 0
322 219 464 246 544 0
322 470 468 496 548 0
322 522 469 549 551 0
322 197 507 226 584 0
322 657 487 693 578 0
322 269 545 306 636 0
323 71 344 87 379 0
323 118 350 134 391 0
323 504 344 519 386 0
323 524 341 542 383 0
323 170 405 191 457 0
323 222 463 248 545 0
323 467 470 494 551 0
323 520 470 548 550 0
323 195 512 223 589 0
323 660 487 698 580 0
323 263 547 298 636 0
324 69 343 85 379 0
324 505 344 520 385 0
324 525 341 542 382 0
324 173 405 194 456 0
324 225 462 250 543 0
324 465 471 492 553 0
324 519 471 547 551 0
324 193 515 220 591 0
324 663 489 702 582 0
324 257 548 291 638 0
325 113 349 131 393 0
325 506 344 521 384 0
325 526 341 543 381 0
325 177 406 196 455 0
325 227 461 252 540 0
325 463 473 489 555 0
325 517 473 546 554 0
325 666 490 704 582 0
325 192 521 218 595 0
325 252 549 285 640 0
326 111 350 128 395 0
326 507 343 523 384 0
326 526 340 543 381 0
326 180 405 199 454 0
326 230 459 254 535 0
326 460 475 486 557 0
326 516 476 545 560 0
326 669 492 704 583 0
326 189 520 216 596 0
326 242 553 275 645 0
327 529 339 545 378 0
327 507 341 523 384 0
327 183 404 202 454 0
327 232 459 257 533 0
327 458 477 484 559 0
327 515 478 542 562 0
327 677 494 711 587 0
327 186 521 214 598 0
327 239 553 271 645 0
328 530 338 545 378 0
328 62 346 78 380 0
328 507 340 523 384 0
328 184 402 204 454 0
328 235 459 260 532 0
328 454 479 482 561 0
328 514 480 540 561 0
328 680 496 715 589 0
328 180 523 209 600 0
328 234 554 264 647 0
329 531 337 545 378 0
329 61 347 76 380 0
329 507 340 523 384 0
329 188 401 208 454 0
329 237 459 262 532 0
329 450 480 481 561 0
329 507 478 534 561 0
329 684 500 719 591 0
329 179 525 207 601 0
329 227 558 257 649 0
330 532 337 547 378 0
330 60 347 75 380 0
330 103 349 119 390 0
330 508 339 524 384 0
330 190 401 210 453 0
330 239 458 264 532 0
330 503 477 530 562 0
330 446 484 479 566 0
330 687 502 723 593 0
330 176 527 205 604 0
330 220 560 253 651 0
331 534 337 548 378 0
331 59 348 75 380 0
331 102 350 116 391 0
331 508 339 524 384 0
331 193 399 213 449 0
331 241 457 266 530 0
331 441 483 474 567 0
331 499 483 527 570 0
331 690 503 726 594 0
331 172 527 201 607 0
331 215 562 250 656 0
332 535 336 549 378 0
332 62 349 77 382 0
332 100 352 114 391 0
332 510 338 525 383 0
332 195 399 216 449 0
332 243 451 269 527 0
332 255 452 278 517 0
332 441 482 472 567 0
332 496 484 524 570 0
332 693 503 730 596 0
332 167 528 197 611 0
332 204 564 242 661 0
333 512 337 527 379 0
333 537 336 550 378 0
333 98 353 113 392 0
333 197 399 218 449 0
333 246 449 271 525 0
333 439 482 469 568 0
333 492 484 521 571 0
333 696 505 735 597 0
333 164 530 193 614 0
333 199 565 234 664 0
334 512 337 527 378 0
334 538 336 551 377 0
334 97 353 112 392 0
334 199 398 221 449 0
334 252 451 280 524 0
334 437 483 467 570 0
334 487 485 516 569 0
334 697 509 739 599 0
334 161 532 189 616 0
334 194 567 227 665 0
335 513 337 528 378 0
335 538 335 552 377 0
335 82 353 99 389 0
335 94 353 110 392 0
335 203 397 223 449 0
335 255 451 283 523 0
335 435 485 465 570 0
335 471 492 498 571 0
335 483 488 511 571 0
335 158 532 185 617 0
335 705 512 744 610 0
335 188 568 222 665 0
336 514 336 528 377 0
336 539 335 552 376 0
336 92 354 109 393 0
336 206 396 225 449 0
336 258 449 284 522 0
336 434 488 463 571 0
336 481 490 507 574 0
336 708 513 745 610 0
337 515 335 529 376 0
337 540 334 553 376 0
337 87 354 104 391 0
337 209 396 229 450 0
337 261 446 286 520 0
337 432 489 460 573 0
337 475 489 501 573 0
337 712 513 748 613 0
338 515 334 529 375 0
338 541 334 554 374 0
338 86 354 102 391 0
338 95 351 111 391 0
338 212 397 233 449 0
338 264 443 288 517 0
338 429 489 456 575 0
338 470 491 497 575 0
338 715 514 752 614 0
339 516 334 530 374 0
339 540 333 553 373 0
339 83 354 100 390 0
339 214 397 237 448 0
339 266 441 291 516 0
339 426 490 452 579 0
339 465 492 493 577 0
339 718 516 755 617 0
340 516 334 530 374 0
340 537 332 551 372 0
340 82 354 98 389 0
340 220 395 243 446 0
340 269 441 293 514 0
340 421 494 449 581 0
340 462 494 489 579 0
340 721 517 758 618 0
341 517 334 531 375 0
341 535 332 548 372 0
341 81 354 97 390 0
341 221 395 244 446 0
341 271 441 296 514 0
341 417 496 446 583 0
341 460 496 485 582 0
341 723 519 760 620 0
342 517 332 530 373 0
342 80 355 95 390 0
342 223 395 246 444 0
342 274 440 298 512 0
342 420 498 449 583 0
342 456 499 480 584 0
342 726 521 763 620 0
343 78 355 93 390 0
343 226 395 249 442 0
343 276 439 301 512 0
343 409 498 438 586 0
343 428 499 458 586 0
343 451 502 477 586 0
343 729 523 768 624 0
344 75 355 91 390 0
344 228 395 251 442 0
344 278 437 305 511 0
344 407 497 436 589 0
344 437 503 465 589 0
344 731 526 772 628 0
345 73 354 90 390 0
345 230 394 252 443 0
345 283 436 312 508 0
345 404 500 433 591 0
345 439 507 467 591 0
345 737 531 777 633 0
346 670 281 683 317 0
346 71 354 88 391 0
346 232 394 253 442 0
346 285 436 313 507 0
346 401 502 430 593 0
346 435 508 463 592 0
346 740 533 779 634 0
347 670 280 683 316 0
347 70 354 86 392 0
347 233 394 254 442 0
347 288 435 314 505 0
347 397 506 425 592 0
347 432 509 460 594 0
347 743 533 781 636 0
348 668 280 682 317 0
348 39 345 54 377 0
348 68 354 84 392 0
348 235 395 255 441 0
348 291 431 315 503 0
348 393 507 420 594 0
348 428 509 456 596 0
348 745 535 783 637 0
349 36 342 50 374 0
349 66 354 83 391 0
349 238 395 258 441 0
349 294 429 317 501 0
349 388 508 415 596 0
349 425 510 452 597 0
349 746 540 785 646 0
350 35 342 50 374 0
350 64 354 81 390 0
350 240 393 261 439 0
350 296 427 318 499 0
350 379 508 404 595 0
350 389 508 417 597 0
350 420 509 447 600 0
350 748 542 788 646 0
351 34 343 49 374 0
351 535 330 548 367 0
351 553 328 565 366 0
351 63 354 79 390 0
351 243 393 265 439 0
351 298 427 320 499 0
351 396 510 424 598 0
351 375 515 406 603 0
351 418 514 444 603 0
351 751 543 791 647 0
352 33 342 48 373 0
352 533 330 547 367 0
352 552 329 566 366 0
352 62 354 78 390 0
352 245 392 268 439 0
352 300 427 323 498 0
352 372 516 404 602 0
352 415 515 441 604 0
352 753 544 794 650 0
353 32 343 48 373 0
353 532 329 546 367 0
353 553 327 567 365 0
353 61 354 77 391 0
353 247 392 269 438 0
353 303 427 326 497 0
353 369 518 399 603 0
353 411 514 435 604 0
353 755 545 799 657 0
354 32 342 47 373 0
354 531 329 545 366 0
354 555 325 568 363 0
354 43 347 58 379 0
354 59 354 76 391 0
354 249 391 271 438 0
354 307 426 329 495 0
354 364 518 393 604 0
354 408 515 431 605 0
354 757 550 802 661 0
